2331
	12	1364	0.008011081545261589
	1364	13	0.015697957662264925
	13	698	0.008250175640545015
	698	14	0.009910068985989038
	14	516	0.0069862648576041655
	516	518	0.00565501672265424
	518	15	0.007354462708508215
	15	519	0.007768082912059071
	10	1642	0.006897138959535088
	1642	699	0.005073542815212645
	699	1641	0.005360364297823686
	1641	701	0.0037502247012902224
	701	1640	0.003094621726693894
	1640	11	0.005112427057927194
	11	1639	0.004045083847248843
	1639	700	0.004908771969808641
	700	1638	0.004607610365775128
	1638	12	0.004274587111293238
	24	1966	0.011185423388518826
	1966	1587	0.133600334657222
	1587	386	0.01169347253466001
	386	54	0.008733815216225212
	30	1186	0.023305055099289318
	1186	20	0.01671831914877234
	31	1530	0.01143877590213746
	1530	1198	0.005757095790090965
	1198	388	0.04266186099893862
	388	739	0.032949194389599194
	739	257	0.035504290849116986
	257	1208	0.008312491872252479
	1208	32	0.007171401291747211
	32	258	0.06463871031720793
	258	1492	0.04246500644832523
	1492	738	0.0018400993543265243
	738	1601	0.04162670408144062
	1601	387	0.0068021503400815374
	387	33	0.011023822830916623
	30	2128	0.04324243097619898
	2128	372	0.004667306092789586
	372	1526	0.01673044126864453
	1526	1527	0.004538615083789129
	1527	31	0.009272485442706188
	68	69	0.022192902932982633
	69	1309	0.012610929990190983
	1309	96	0.010548884781354656
	96	70	0.01814813787417762
	19	63	0.0100043665846477
	785	434	0.02611406747031769
	434	71	0.02014893795949556
	71	281	0.026696284053241967
	281	787	0.02466224004309551
	787	72	0.029180475889807274
	72	1489	0.10406958283503272
	16	1363	0.001188777372019084
	1363	1187	0.015557332973745303
	1187	1449	0.03946768099925847
	206	1381	0.010684952925738627
	1381	1480	0.030328422292547796
	1480	56	0.026631068142111598
	53	1978	0.012967396681487414
	1978	771	0.0777906517638873
	771	532	0.00607382415882588
	532	2041	0.029806252737886438
	2041	2143	0.03201826205648599
	2143	52	0.005217709057683106
	54	577	0.03574498422839597
	577	1571	0.008934724724114336
	1571	576	0.046130373437358325
	576	571	0.045265677417844916
	571	612	0.009873948780196306
	612	159	0.02916673785251463
	159	563	0.031415515256094
	563	619	0.021289992307291443
	1172	1170	0.03472781215979493
	1170	44	0.06836193431140658
	20	95	0.09600768018302051
	95	1190	0.018440975503603494
	1190	141	0.10860118738689802
	141	94	0.04443797700964205
	94	1206	0.008674654547906682
	1206	93	0.009107768497862273
	93	92	0.0070636114171046755
	92	1205	0.006358944621467594
	1205	1204	0.008554057096527713
	1204	91	0.07190939997154014
	91	90	0.029070046442509073
	90	89	0.16564706803010532
	90	1189	0.1353955050824775
	1189	95	0.006594756614324238
	68	2047	0.029413447518096596
	2047	175	0.007295631259352455
	101	2086	0.010636376304406853
	2086	741	0.0066645835166394135
	741	102	0.08011610119593793
	104	228	0.005148468810846041
	2089	1084	0.018188666982475156
	1084	112	0.017219756609557612
	112	113	0.0239390654425998
	113	111	0.02556916483656208
	111	114	0.033993778873151075
	114	115	0.022632284528143778
	115	1318	0.011498146926189206
	1318	1231	0.02040570098916922
	1231	2090	0.04134415232170359
	2090	2091	0.02063068935706985
	444	1411	0.002861795533011241
	1411	84	0.006336951061860564
	116	117	0.15749444876357568
	124	1598	0.006876217707850899
	17	1356	0.01093548746437319
	1356	1590	0.008866007388256112
	1590	1647	0.006929488361572605
	1647	1604	0.016419949844490876
	1604	1595	0.027130325885522468
	1595	1588	0.011053835778344264
	1588	1177	0.00474147344031567
	1177	336	0.0872077759568524
	123	317	0.013150911664478886
	86	1339	0.001515574768936523
	1339	693	0.04282484720427183
	693	691	0.03812454465947355
	127	815	0.14334846013903926
	815	308	0.10083960573968874
	308	104	0.01965595211206397
	101	2085	0.008309815305864407
	2085	135	0.03578734505685805
	129	1221	0.09727396820925402
	1221	88	0.09757233788783387
	129	136	0.019893450390604986
	136	137	0.018808574504464423
	137	134	0.01228265869276021
	110	138	0.030677054382288092
	138	139	0.06347866259306545
	139	102	0.05894310752277397
	206	1383	0.014678512853284306
	1383	203	0.0504405049134111
	714	1165	0.01123900763355885
	1165	464	0.00862738501049842
	464	1166	0.006337094797043615
	1166	510	0.018601321595380898
	510	708	0.024290158132267155
	708	1164	0.008234629534314818
	1164	140	0.009449663118380098
	140	1168	0.009112433474419198
	1168	1074	0.04529760106145404
	1074	803	0.09509480877469952
	803	2181	0.017195253467092744
	2181	52	0.01636850377702837
	184	315	0.0852831995694093
	123	2030	0.07788120925464136
	2030	146	0.09753136304989606
	146	150	0.13891920639508415
	150	169	0.023295299639825955
	149	1348	0.0012788433673957952
	1348	183	0.10212369346942086
	183	147	0.08016086088449577
	106	1345	0.001407222074739408
	1345	1464	0.04007748099456022
	1464	1463	0.04923938399042417
	1463	829	0.021453641582948966
	829	108	0.07988321792030859
	160	161	0.02431385917733505
	161	1957	0.02473482233405775
	1957	1412	0.017363312946185823
	1412	1419	0.03499286658185178
	1419	162	0.023701502459609215
	162	1691	0.01812409915217007
	58	1975	0.06876002112111967
	1975	1861	0.0019029261826165743
	1861	53	0.01647518874298993
	53	538	0.14128367337223963
	538	1721	0.026050891025584173
	1721	255	0.016555581742836202
	163	164	0.07336321063096386
	164	165	0.02772567515994814
	165	166	0.07368519313492479
	166	1999	0.03347679434913413
	1999	1993	0.0025978202255108065
	1993	1992	0.007452681962922491
	1992	1928	0.025763333317555134
	1928	328	0.00508646263920365
	328	167	0.004457354439639373
	167	1932	0.04861418645851784
	1932	1940	0.025869903319822942
	1940	1872	0.003354311655051369
	1872	58	0.03420901958974425
	168	833	0.04000537444247372
	833	169	0.0964891843114307
	175	261	0.043008879960759944
	171	176	0.09414676442737555
	147	176	0.22347711067846993
	180	1341	0.0011507177569464934
	1341	2062	0.12222277402300193
	2062	181	0.005537048293037226
	181	182	0.04078633094393814
	182	650	0.02135742356821304
	650	177	0.12196588336919414
	183	829	0.11049531388965272
	829	828	0.13550341215586512
	828	182	0.058033162443244746
	184	1477	0.06795400391005745
	1477	1092	0.011416113917674909
	126	1354	0.0015901550259863604
	1354	85	0.21714640486526396
	190	191	0.15501621696365447
	191	192	0.08547292196635947
	192	20	0.18178942831303807
	191	473	0.05599477012404253
	473	193	0.027851249146325276
	193	493	0.017786868989843923
	493	238	0.0369989860939177
	188	189	0.028744311321458788
	2275	195	0.0067655702170189595
	1076	2131	0.06574418133641902
	2131	2130	0.010567175162911956
	2130	201	0.010291701342260146
	203	2146	0.008956851968208009
	2146	1554	0.05126264060434108
	1554	204	0.036808586860226755
	204	2227	0.05627471044150972
	2227	2231	0.04774240392496273
	2231	205	0.04696880667383077
	2088	1223	0.010009048035529697
	1223	1224	0.0038843103097974427
	1224	208	0.01729225394691734
	208	2092	0.016884384191438385
	2092	1230	0.07180229954694073
	1230	2093	0.04830764240342794
	2093	1232	0.05834122357487908
	209	1229	0.012900758142985018
	1229	208	0.030261955630433605
	213	214	0.04418705449703053
	214	215	0.11220599059223958
	216	217	0.017422583776348574
	217	218	0.003374174932625654
	218	219	0.022046405674769183
	220	1552	0.03226286615556634
	1552	221	0.030046676922092223
	221	1553	0.022439086895385624
	1553	222	0.013251401697893635
	234	690	0.010901235948346024
	690	191	0.10094368744880436
	235	1181	0.07511008958674674
	1181	236	0.00774910202213017
	236	1180	0.005024836028334366
	1180	1179	0.04419551707823265
	1179	2183	0.005743510981925878
	2183	237	0.006426956088331231
	237	1178	0.007669032905076749
	1178	238	0.055760744816361785
	19	1524	0.012172269993643568
	1524	408	0.011903133534744415
	408	259	0.09549620404645638
	259	1557	0.054354209052899914
	1557	100	0.06283735280099706
	100	391	0.04402741445736867
	391	27	0.013910222558443314
	124	1350	0.008482106041407818
	1350	1448	0.030514255649212882
	1448	2326	0.05994441724044444
	2326	1648	0.028158067400341876
	1648	125	0.026670983750264173
	125	1384	0.009458674079150927
	1384	1349	0.02403691262179973
	1349	316	0.015031737611496017
	596	1551	0.017119129973074895
	243	2171	0.06293504185364464
	2171	244	0.06172129066332192
	244	245	0.03977297178020484
	245	246	0.0631712255649591
	247	704	0.051446366445271806
	704	18	0.014054283520785076
	247	1404	0.010679430718679179
	1404	1462	0.016400209356836625
	1462	85	0.04801659525391706
	249	460	0.05699753681622764
	460	4	0.05336975032010614
	4	254	0.04473621401350008
	254	251	0.0445459133055153
	251	1488	0.02866152625412284
	1488	5	0.02119667847391375
	5	719	0.0355409906841705
	719	280	0.03233660062557113
	280	731	0.027577418023501405
	731	6	0.029497765239588882
	6	729	0.023561437483233416
	729	718	0.03151995570222466
	718	716	0.037877549255991544
	716	720	0.022063221871087793
	720	7	0.02674941669462967
	7	727	0.034096633031374904
	727	728	0.0539814789957129
	728	8	0.03743151301663374
	252	253	0.04030635976237882
	253	725	0.048378174084999725
	725	273	0.05602304558555731
	256	205	0.020608932805975172
	205	2005	0.004217198949535677
	2005	2001	0.0430480841261832
	2001	594	0.030212575001746626
	594	1556	0.005000790566292958
	1556	50	0.092738162810602
	255	256	0.029330305836541525
	57	552	0.04651694813998671
	552	1454	0.07225553962867359
	1454	269	0.024689668297274633
	269	52	0.015493287807147517
	19	1525	0.014678705719866195
	1525	1528	0.038445146177162146
	1528	1192	0.0044130286053184154
	1192	31	0.014345448778005455
	31	1191	0.01445510726437845
	1191	1522	0.03675305447539874
	1522	1521	0.0042149190611691775
	1521	63	0.009835950324169012
	63	2101	0.022061218765537557
	2101	195	0.0804475852549912
	195	234	0.10385322593207236
	234	1515	0.08485204452394197
	1515	60	0.01727827138077808
	225	468	0.007687809759348913
	468	294	0.013127660280338422
	294	343	0.027395423628888343
	559	558	0.031138132226344404
	558	557	0.009529580611216872
	557	1583	0.022985880368629582
	1583	767	0.014587516027063778
	139	262	0.12168409973487453
	263	264	0.028451241506002162
	265	130	0.003503977488892721
	232	1822	0.002501466830346279
	1822	83	0.0024371494806857
	44	271	0.07174196693756937
	38	1171	0.06807524674513377
	1171	1645	0.04956674079647911
	270	38	0.07198406259098153
	271	2208	0.022448099916227947
	2208	436	0.025611721202354183
	436	43	0.02764757747671242
	43	437	0.033402896094033845
	437	42	0.03185058326675234
	42	1481	0.04821658369727217
	1481	520	0.05048069527478096
	284	285	0.04410873780300146
	285	1898	0.0028968586337312003
	1898	286	0.010225199017070731
	286	287	0.02323368529436601
	287	288	0.012369303574388207
	288	239	0.02579170787181303
	1194	2267	0.00224023578911459
	2267	2266	0.007925936196011521
	2266	2265	0.0028519042969784416
	2265	292	0.005711192404779387
	298	299	0.026671691587132455
	299	300	0.006755289412149153
	297	303	0.007191494360842346
	300	301	0.0043409731307743615
	301	1217	0.00808950878675574
	1217	302	0.01786462257022713
	105	2327	0.06905949916375208
	2327	1346	0.12024693066763524
	1346	106	0.001679603113016249
	143	792	0.010096544535222617
	792	312	0.031312738492935
	304	305	0.004547406285305948
	305	512	0.0026594437766120985
	513	309	0.014369005084021941
	310	561	0.022787089056865068
	561	513	0.006485707806548158
	309	1211	0.001923718198400388
	1211	514	0.005902641227470707
	514	814	0.009311366287731276
	814	1210	0.0031302987421744253
	1210	306	0.005895760562293444
	306	307	0.0040272150799796685
	307	308	0.001971930586314
	312	313	0.011845389700743754
	313	791	0.004024288029467341
	791	314	0.004404259004103799
	314	315	0.008946986226650066
	316	123	0.017725714303325524
	317	2319	0.04216339632425252
	2319	149	0.050501300850811046
	149	185	0.03525923054137777
	66	1315	0.0075247737669151115
	1315	1314	0.015207467566542187
	1314	2045	0.017971457034879585
	2045	2048	0.00967493348386579
	2048	175	0.008600694086798534
	319	2197	0.012219081451660035
	2197	2196	0.006445316589955376
	2196	2195	0.0038299512365435997
	2195	320	0.005327928418623076
	320	1420	0.008469750482193178
	1420	1423	0.01203948477717896
	1423	2198	0.04347214093791852
	2198	321	0.018590380806024997
	320	322	0.013573003014800621
	322	323	0.006154020519624411
	323	1434	0.013027141508528952
	1434	324	0.003322166105185269
	324	325	0.02091500522584086
	1924	1925	0.001421614411660367
	1925	1926	0.01232899086945806
	1926	1927	0.06663616096628523
	1927	328	0.006296429015190692
	331	1353	0.0014635414041747682
	1353	332	0.0063188173027918125
	332	333	0.01227192881322197
	333	334	0.012394917347657667
	334	335	0.010288757200428753
	335	1355	0.0033406995036416045
	1355	336	0.001689218903249522
	18	555	0.011376586929688745
	555	707	0.019901198659695665
	707	1320	0.012063422541060891
	1320	554	0.004822142943224028
	554	556	0.009274848926986616
	839	1360	0.0073910703193030775
	1360	248	0.0014213132024717416
	266	267	0.0047451758154345375
	267	268	0.006658731372144795
	268	402	0.0037725180327823644
	402	2285	0.009409634362456282
	2285	400	0.05180556570204051
	400	397	0.08115727437301971
	397	394	0.08398176730059755
	394	753	0.06967623317618833
	753	2286	0.10317222335566877
	2286	1752	0.00609813748130462
	16	1362	0.014375187387037074
	1362	248	0.017370027745738603
	330	1202	0.012369971012074142
	1202	289	0.04958425069235641
	289	290	0.015287694205282027
	2142	57	0.007914614355446948
	57	1153	0.017486724782425793
	1153	1152	0.011316948521098361
	1152	344	0.01694150678728597
	344	1146	0.012121381893621093
	1146	1144	0.015065738595976671
	1144	1143	0.008301063499398959
	1143	345	0.00682137354051357
	345	1140	0.009474284016474873
	1140	1139	0.014693227918492098
	1139	1141	0.014041533109934282
	1141	360	0.012935536162849304
	360	1142	0.012851606150739254
	1142	346	0.012759391179647394
	346	1145	0.011849666382261065
	1145	1148	0.01686200285705769
	1148	1150	0.016366365725161848
	1150	347	0.006052885061040483
	347	1151	0.005379322303321952
	1151	348	0.026871513364651378
	346	1138	0.0056321171490363265
	1138	1137	0.005103926727604039
	1137	1136	0.004278972883403584
	1136	1134	0.0034407502332636525
	1134	1133	0.0030356657868673615
	1133	1131	0.0027045880662181165
	1131	1128	0.0031125840606579416
	1128	1127	0.003134545270882871
	1127	349	0.003585838261109465
	349	802	0.0033563484941477027
	802	1130	0.003419457022937439
	1130	350	0.0028408170822115013
	350	801	0.004457816998153227
	801	351	0.005558518258777135
	351	630	0.007011744863877401
	630	631	0.008050956912459845
	631	1149	0.0049462835563778805
	1149	629	0.003703712298167224
	629	1154	0.009367877366632646
	1154	352	0.006949523215223659
	352	1157	0.00769223869008303
	1157	1159	0.006166636784343753
	1159	353	0.005106611390390606
	353	354	0.010245789706104591
	202	1155	0.011760744950201909
	1155	627	0.005268522343431316
	627	553	0.012035333913716743
	553	355	0.008415025057671931
	596	261	0.002369300077181667
	261	69	0.02302432621405507
	68	834	0.010647296135902698
	69	266	0.007791102882068547
	261	2057	0.032383004028011295
	2057	1469	0.00817867121424189
	1469	2330	0.007465457815258871
	2330	357	0.060727946945721534
	345	1129	0.023767942670629462
	1129	201	0.01082511512600889
	360	1135	0.012504119552721734
	1135	1132	0.008411620145394162
	1132	621	0.007937818951590486
	621	1122	0.010746856748079264
	1122	1120	0.0034836663620305118
	1120	1118	0.0014040579726499304
	1118	361	0.0024068618607075275
	361	1119	0.0028219922544144137
	1119	1121	0.008563895303564691
	1121	1124	0.012394123073294174
	1124	1125	0.0031423634557144688
	1125	1126	0.0027206613273976156
	1126	632	0.0024947479959522897
	632	2132	0.00728224473758556
	2132	201	0.01673745112196279
	54	384	0.009428700026149685
	116	120	0.07812072420946435
	118	2164	0.03883543399230796
	2164	2163	0.0174197363166442
	2163	2166	0.0157233248124289
	2166	506	0.02766392969323413
	506	767	0.014439027177130252
	767	119	0.006949869770871132
	119	1746	0.007483099177584081
	1746	120	0.07661590289478092
	371	373	0.027519565159730048
	374	375	0.00903611501850635
	375	1201	0.01620691466229272
	1201	376	0.02693537042677258
	376	377	0.02872152534303547
	377	366	0.023116141795482964
	366	95	0.01767365395782324
	377	1203	0.027549035570250877
	1203	378	0.022585509178689317
	378	508	0.034409466710584556
	508	379	0.023932579719681792
	507	378	0.025497261321227926
	378	380	0.013008382948245467
	380	2098	0.026740025978910925
	2098	2097	0.024328991602164528
	2097	381	0.014690440319021792
	381	369	0.03076929865421061
	384	64	0.027677517283515946
	64	118	0.06879727355562021
	118	246	0.04628301512910633
	246	87	0.020714285064368877
	87	2232	0.003196772436434181
	2232	2162	0.04365825248486563
	2162	2169	0.03304298665875705
	2169	383	0.07022310806833557
	383	1207	0.023240189644622322
	1207	65	0.006884007189432867
	215	591	0.0033570716902651576
	591	390	0.002245773374677813
	392	393	0.01271959749298985
	393	26	0.015119568179248767
	62	1750	0.009390304371128515
	1750	396	0.19076402917901578
	396	399	0.08996162482468072
	399	401	0.07951632437820644
	401	403	0.03064862183950298
	144	2083	0.03726036612199428
	2083	145	0.017147890139720606
	145	146	0.13343508639689475
	146	147	0.10703858733961076
	147	592	0.07343920298099386
	592	2190	0.017416319334742175
	2190	108	0.006873995581872533
	144	2282	0.004587798456086841
	2282	394	0.008229750514523187
	394	395	0.021011062921118873
	395	2291	0.005061838725714954
	2291	1672	0.004804395433064614
	1672	396	0.003211642053570717
	399	2292	0.007897213148342894
	2292	398	0.0043110817432310935
	398	397	0.02136412302479532
	397	2281	0.007621494373748244
	2281	168	0.006405197877242011
	2280	400	0.005937231561059857
	400	837	0.023028773045330377
	837	2293	0.004660563575341898
	2293	401	0.008695373528133852
	96	402	0.005277613713801602
	2296	403	0.009985317817270543
	238	489	0.03663893992558373
	489	487	0.017908626994033273
	487	194	0.025710921980964536
	194	188	0.026379332621791603
	407	1523	0.007358807944007512
	1523	408	0.006924219503244272
	417	160	0.013754004607225367
	160	23	0.018117478146867635
	122	1380	0.005849057178928639
	1380	211	0.05070207080853697
	211	422	0.018319393466262775
	422	207	0.028801729434573462
	207	56	0.07775340622234678
	60	1512	0.013517683055036683
	1512	390	0.06403250270700069
	390	2279	0.059878436879263044
	2279	703	0.014238776653910653
	703	2277	0.010308953275699603
	2277	61	0.007730261423348288
	61	713	0.010143784363799544
	713	1321	0.004836193307316042
	1321	1504	0.0037543004661820924
	1504	62	0.007080443966892882
	28	2301	0.013814635430641391
	2301	2276	0.08619200892089017
	2276	2300	0.08360813203327011
	2300	2275	0.02037905067963953
	2275	407	0.07061327504061621
	407	1520	0.0055975165771169995
	1520	2100	0.003698222850773718
	2100	19	0.015534439996236039
	169	241	0.06730827231701053
	241	1093	0.0076273375578637176
	1093	2052	0.02530137807232083
	2052	170	0.017738811836710753
	170	2049	0.02699569563068903
	2049	171	0.006520021923642821
	392	1509	0.007567082088601399
	1509	1322	0.00367105686597653
	1322	1507	0.0019067319974841676
	1507	556	0.008504005945700584
	27	1517	0.16297443529204383
	1517	1516	0.007835113326693986
	1516	28	0.007845360672936952
	26	711	0.009301184536471723
	711	216	0.03252925502788484
	216	215	0.0596967872362444
	441	1080	0.014892024767792321
	60	28	0.006905564647792866
	84	584	0.05604259640759731
	584	88	0.02434109937901081
	2005	2006	0.00862431818145916
	2006	445	0.061800897391080065
	445	446	0.014613139960453101
	446	448	0.0129384989303903
	448	449	0.013534758135064781
	449	450	0.025062722183190205
	595	447	0.013367888093546974
	447	448	0.02427663140109155
	153	453	0.012319612732709375
	453	452	0.026590334003758376
	452	451	0.04649029423694005
	451	461	0.04268023011592309
	461	278	0.02726859673594356
	455	454	0.04220489387248815
	454	456	0.054045528282968984
	456	717	0.04570279884121005
	717	457	0.04081314774783877
	457	73	0.06179190409256885
	462	459	0.01636199088586177
	459	458	0.0317939704021295
	458	455	0.05167134630006116
	171	1175	0.022416766477344908
	1175	1307	0.02986369420508822
	1307	172	0.007829167423818178
	172	1306	0.027291418733501303
	1306	173	0.005257161705722426
	173	174	0.14527070677830076
	174	702	0.017285610974131383
	702	35	0.01802541710529705
	35	714	0.01303277273439952
	714	712	0.011669578354077417
	712	1163	0.008652051784611188
	1163	465	0.007588892275319961
	465	463	0.022323466757488267
	178	174	0.06069550153106918
	176	813	0.09653693061969412
	813	178	0.10279578502893139
	2152	2151	0.01204682041379885
	2151	199	0.013398049400883245
	199	2200	0.046958257801272996
	2200	634	0.011754624760466577
	40	1669	0.05089872338260904
	177	1173	0.01023709761513835
	1173	1607	0.08872817901319321
	186	590	0.008273610974089091
	590	1670	0.05303306681507915
	18	1748	0.01196330647081507
	1748	2274	0.03945823275588027
	2274	1450	0.13172221381646998
	106	1657	0.03291350441900064
	1657	1344	0.029187868325434106
	1344	1453	0.02451239969884423
	1453	705	0.04004227838956853
	705	1343	0.03758590890216659
	1343	107	0.03858656276746869
	107	180	0.02179010479217449
	180	1340	0.04201959211761046
	1340	86	0.027833918148192204
	108	1176	0.012131946567556704
	1176	109	0.012147797378755019
	109	1466	0.04287898055378475
	1466	2205	0.00757508967171527
	2205	1465	0.010226906409786848
	1465	1666	0.013134425363629172
	1666	177	0.06495879807498252
	29	358	0.038549892773449355
	358	1627	0.018397152657106387
	1627	1624	0.04658800146879917
	1624	240	0.014407512445580797
	240	1310	0.006545859799219108
	52	1455	0.022451878709830352
	1455	2176	0.01565846957985286
	2176	1833	0.008727948535742254
	1833	1832	0.00886249594733444
	1832	1838	0.008227359683154495
	1838	2149	0.01068230268432489
	2149	51	0.0076507733112739324
	51	1839	0.007193340736650652
	1839	1077	0.01607873263569513
	1077	29	0.06166684192121776
	175	405	0.021212401753743747
	405	1312	0.007417165149389917
	1312	1313	0.007096758391691653
	261	68	0.02127777040535297
	2287	554	0.007706632633506713
	554	338	0.012027227822083106
	338	472	0.009970022467035282
	470	83	0.04499592242685951
	83	781	0.013925521331658178
	781	469	0.044224322570031185
	130	470	0.06335245862451368
	104	311	0.017780347239542367
	311	1212	0.013640354993565588
	1212	736	0.01993735681412468
	736	1461	0.06218180279831892
	1461	735	0.09200610105566022
	735	84	0.02050430406531984
	472	2297	0.011082253551193305
	2297	395	0.1792726481407591
	395	398	0.0881646409153413
	129	130	0.07973598169548164
	135	129	0.025953859376540288
	101	2087	0.01019777073010368
	2087	749	0.0504164440503992
	749	110	0.01220660341852858
	110	636	0.017218699907213763
	636	1316	0.029687886807442703
	1316	1317	0.057194885543248336
	1317	2091	0.0026617229215585457
	2091	34	0.013206862200175579
	250	462	0.059720140983039696
	462	431	0.031460508278692685
	431	2304	0.01660105697918019
	2304	48	0.01726965126094224
	48	2307	0.016026892434965554
	2307	274	0.014505102957289536
	274	2306	0.014156387885882853
	2306	47	0.01242210258174091
	47	2305	0.012586272284234383
	2305	784	0.015002063859299255
	784	1485	0.01598170174144739
	1485	46	0.01618916141882938
	46	1484	0.024407890695472754
	1484	783	0.023277714484589422
	783	1483	0.03630700971007647
	1483	45	0.03789527519880343
	473	495	0.009677148118760033
	492	742	0.02033046915267555
	742	479	0.015795192697841038
	485	489	0.057624279603431486
	483	490	0.012390886907237551
	490	491	0.010826084209793408
	491	492	0.010257071137733666
	488	486	0.019158163288227174
	486	496	0.049857827617765416
	484	494	0.011005554994043463
	492	493	0.031165588728198145
	479	481	0.005821496363605292
	481	482	0.011407020704346009
	482	483	0.011217182831433286
	483	484	0.015019457198234266
	484	2191	0.022934055408860593
	2191	485	0.015415631328124669
	485	486	0.01807384496603413
	495	474	0.05871319498422459
	474	480	0.0034528032338925667
	480	475	0.012868052622207152
	475	476	0.009061369342624933
	476	477	0.007981618249267266
	477	478	0.0071127630766482505
	478	479	0.012970348509593761
	479	480	0.012458143573647546
	496	487	0.0062228563348358705
	497	498	0.008198273167744947
	498	499	0.006232714773836682
	499	500	0.007740295237202363
	500	501	0.01033714061976157
	501	502	0.009269281979586048
	502	503	0.012282109531646256
	503	504	0.007047805902433984
	504	505	0.011248736498868935
	505	560	0.0056125504507599285
	560	506	0.006536341741966858
	24	1965	0.016077776211669042
	1965	603	0.03844602139785323
	603	1447	0.028183135450550588
	1447	606	0.02742791781744232
	606	2017	0.013421942994011957
	2017	607	0.0044471413580502266
	607	440	0.012608911119955648
	440	1431	0.02370434685760165
	1431	22	0.023564890283293685
	22	321	0.005942711460836357
	321	1963	0.004394254398131859
	1963	417	0.03370452135395475
	310	512	0.007798795049353013
	309	311	0.004432292472721395
	520	1158	0.01338278179165758
	1158	355	0.011723985359982926
	355	706	0.01030749626809514
	706	41	0.012933528741150536
	41	1160	0.021725729459369195
	1160	174	0.024568018631286683
	463	1482	0.04997229569014662
	1482	36	0.04892610395094255
	36	438	0.030534638586787566
	438	37	0.031409935820229225
	37	158	0.027433713128046783
	158	2209	0.023813829541939766
	2209	270	0.022129525171245487
	521	2080	0.016831587063552155
	419	522	0.02204675241283049
	522	420	0.013416676319504056
	303	298	0.02053302167477469
	525	526	0.00658548415132824
	524	523	0.005125230419039303
	523	1039	0.0018948883801554928
	1039	861	0.008519879594315717
	528	527	0.009596803783756915
	530	529	0.005201844140172566
	534	533	0.01100927644233508
	533	540	0.014666513501066734
	540	531	0.037326920832713384
	535	536	0.03303601932534083
	536	539	0.01201843185264934
	539	537	0.007540114314044641
	537	550	0.014252616566429148
	550	548	0.01664037336364085
	548	546	0.016943794448529354
	546	544	0.017280315155564302
	544	542	0.017240606600234496
	542	538	0.017945512365107247
	2035	2044	0.008302545398991546
	2044	1610	0.012302697776568824
	540	541	0.02188429512810763
	542	543	0.004919684861320085
	544	545	0.004043915978013783
	546	547	0.0033381096642996107
	548	549	0.002721127975791354
	550	551	0.002282050576479935
	1610	779	0.014906668320390474
	779	2268	0.002375983046704267
	2268	552	0.006764742838623525
	39	435	0.021959146984333242
	435	1487	0.030291929774136264
	1487	75	0.03707064546057963
	75	1612	0.06706217168648125
	1612	152	0.04739866552922811
	152	786	0.025104980580041895
	786	432	0.022388177867762316
	432	76	0.02686647940186957
	76	275	0.023645809459782795
	275	77	0.027667714433151525
	77	562	0.01826807805602245
	562	78	0.017445195447600113
	104	128	0.1079419391659212
	128	737	0.16850125938710775
	737	637	0.024514536983717864
	637	638	0.0035520565102019463
	638	443	0.005426776249634762
	166	1460	0.017052056152466067
	1460	1459	0.01699824613968213
	1459	284	0.033224398742694686
	284	1942	0.0030486535378451275
	1942	840	0.059808539331359524
	840	1853	0.0012139969968059969
	1853	29	0.12007558483606826
	134	135	0.04721566426510225
	88	103	0.07238375931312384
	103	263	0.008828327496621456
	263	210	0.021422264846159028
	210	581	0.18120224994646997
	581	815	0.012375834942599626
	102	103	0.10443776265046939
	131	83	0.05216009211331509
	168	144	0.08272023657716512
	70	168	0.11926587192891594
	144	2080	0.06691978275805219
	2080	421	0.005912136380932551
	421	1319	0.10123711299262149
	1319	1753	0.005249498914775851
	1753	18	0.011569219146876523
	403	66	0.028536460123710902
	66	67	0.0073897813369582215
	67	1311	0.012733339096416524
	1311	68	0.007292024747900084
	126	331	0.014024541150225774
	336	126	0.015155699342941321
	331	1352	0.08972680715695672
	1352	1351	0.01014613683310291
	1351	124	0.010438853991497046
	184	1600	0.1393385312313032
	1600	1598	0.011165349419066177
	312	105	0.025940333525795892
	752	750	0.004045013326958957
	750	304	0.019813129906617558
	304	143	0.020522752913071554
	295	769	0.004498165679970931
	769	296	0.011867201775206119
	296	233	0.012614146480520652
	1310	406	0.02019719555849103
	406	405	0.010232597375769066
	416	1068	0.024758084356479595
	563	564	0.017847157277105664
	564	565	0.027065678043158525
	565	567	0.010938988880665159
	567	1608	0.00724494793008251
	1608	566	0.005588988093017194
	579	578	0.003738203676072202
	578	577	0.027903460415496788
	574	576	0.02832619859443676
	573	574	0.003471129648294338
	569	570	0.00269468113024031
	570	571	0.029481404961081637
	568	569	0.04724967161080781
	569	572	0.010727646005377518
	572	573	0.04312280447035283
	573	575	0.008392098351339203
	575	579	0.04317557449023537
	228	768	0.0027303265484541904
	768	752	0.003515300099829698
	584	585	0.03234172369231183
	585	1771	0.007948501909100514
	1251	1254	0.007152733438836547
	1254	1273	0.056633299538953616
	1273	1276	0.021918685948212245
	1276	1277	0.0026596635041237974
	1277	589	0.002244200914877702
	589	1283	0.025320618398599705
	1283	1280	0.0035200301863670624
	1280	587	0.003844045318344216
	587	1281	0.007087214095331738
	1281	586	0.005305426490708327
	586	1332	0.016912336187023733
	1332	1333	0.003310765375868396
	1333	588	0.002816108737093421
	592	593	0.00460982241686977
	593	1550	0.02959429004820455
	1550	832	0.010617881323602458
	338	715	0.023220635918702024
	715	337	0.012591146211349514
	337	710	0.002194732268551904
	710	18	0.006247174747026436
	594	2007	0.010770408058986795
	2007	2008	0.0490028889310612
	2008	595	0.020215912238080228
	319	1789	0.029789011572695964
	1789	2012	0.0043136927360774195
	2012	2210	0.009928345276078596
	2210	1443	0.0033210488350770874
	1443	318	0.0052432027711059575
	409	2263	0.006537868356908804
	2263	413	0.007909266261270254
	413	415	0.017108626505430474
	415	414	0.016670175287741673
	414	949	0.01075168425989896
	949	410	0.010328644812856374
	169	148	0.009551507082381684
	148	151	0.01851418494507475
	151	70	0.0695340800877442
	89	243	0.10105701668172752
	243	616	0.02145633812827471
	616	25	0.05360924052266891
	25	1964	0.020341776595563337
	1964	2170	0.010547793545940846
	2170	24	0.008972521724603418
	187	1458	0.04078972115510562
	1458	235	0.13146138565142698
	235	97	0.06745001359000699
	97	1182	0.01829127197762404
	1182	98	0.01259824411972212
	98	99	0.013493045117476857
	99	190	0.011873818890294497
	190	1183	0.008014816298571259
	1183	1184	0.0192612332380532
	1184	1456	0.027344768890208405
	1456	1510	0.03998266422403027
	1510	1511	0.009801170222556362
	1511	60	0.007913482279663209
	189	1907	0.02251415635057775
	1907	364	0.00019534923156860174
	598	850	0.0029678177919508584
	850	597	0.005891588686978293
	597	600	0.03947118714346831
	598	2259	0.004321045103787218
	2259	599	0.003366839183115213
	599	411	0.003587627591923299
	411	412	0.04259429585437584
	981	359	0.007362546480707295
	602	260	0.014778949972671337
	603	604	0.020688143507765506
	604	605	0.030118285402247518
	605	2264	0.0040732747674881815
	2264	606	0.014485727967644782
	607	608	0.022614221768685702
	608	609	0.03844342757234402
	609	610	0.04193116567836117
	610	611	0.014357726103462254
	611	612	0.008872628242065955
	159	2269	0.062078148202952536
	2269	22	0.0071902250116735004
	610	613	0.020498355088730248
	614	1947	0.03035440054501242
	1947	1946	0.011258682019496494
	1946	1944	0.011693833681556121
	617	618	0.03112428749732678
	1503	210	0.042290100460894674
	621	622	0.03557514434431687
	627	628	0.019620562595438828
	628	626	0.02169687283252492
	626	624	0.026198326568039824
	624	625	0.07527588639673442
	634	633	0.057173357773437405
	633	635	0.05300878194966748
	177	1174	0.013122219547208129
	1174	426	0.08882755665089269
	426	356	0.044261770111983643
	356	176	0.05778640612521973
	655	681	0.06923031999120983
	671	664	0.011530861317489047
	664	660	0.022304222294809765
	660	643	0.003772901900754782
	643	677	0.013567556611361279
	639	654	0.009017593448012506
	654	645	0.014342347952713035
	645	680	0.005558655036819683
	641	647	0.03358306286682029
	649	1495	0.050871774872642085
	1495	676	0.010969085774149376
	653	667	0.00413445856557088
	658	1239	0.009502054084934177
	1239	684	0.01167236304397137
	667	658	0.006675080881563636
	651	796	0.007320775564043656
	796	663	0.006920097069874519
	685	641	0.008163032643371676
	641	669	0.03052319702757743
	673	656	0.038417916391065
	665	674	0.043382004392708964
	674	678	0.041011884110246234
	670	648	0.0329424353842932
	644	657	0.02236709998668385
	657	670	0.005429998514823452
	670	673	0.010134236314382084
	673	677	0.007028367441829293
	677	652	0.021148739706434605
	652	682	0.016557654567106197
	678	655	0.016684944773430316
	655	687	0.014678470946222504
	687	649	0.01103209112947103
	649	644	0.017184583761593257
	644	672	0.05393820287266725
	672	794	0.0036981501009678243
	794	675	0.00946704685885528
	675	676	0.0011136168449354744
	676	679	0.0005978940017963478
	679	661	0.016260666495622158
	661	681	0.01628103022245263
	681	797	0.008377912134364823
	797	651	0.0032208068422585065
	651	798	0.0036087644206703575
	798	799	0.003597238275161776
	799	678	0.06261762170219257
	674	689	0.007539262120290386
	689	666	0.047401352707450314
	663	793	0.02487580786766294
	793	686	0.011764568940087372
	650	685	0.01009553514724823
	687	661	0.06485565250049669
	657	642	0.03998158890542689
	642	668	0.00766319420118749
	668	826	0.0013410266888464705
	675	680	0.023648296757733125
	680	688	0.011481033665390862
	688	662	0.012078540937296376
	662	640	0.006956433272927691
	640	653	0.034573283232337416
	653	639	0.00726615767665301
	639	679	0.035434996869702313
	181	665	0.008953873587503734
	664	642	0.022099538713903546
	691	695	0.04365857290056173
	695	692	0.04901001816872307
	694	142	0.03265086599959654
	692	696	0.015891477761360236
	696	694	0.007361752140024358
	50	1609	0.07568117195226648
	1609	1446	0.034469394714275896
	1446	2213	0.022523366187901385
	2213	2215	0.004182035393465887
	2215	2133	0.020502821890496726
	2133	2129	0.03871986955127832
	2129	223	0.018889762950449536
	223	418	0.0037289200621875595
	418	2211	0.027881258467951663
	2211	49	0.04333381896616362
	107	1342	0.0013814910246664567
	1342	227	0.09664974235186684
	734	732	0.0236849810761898
	732	733	0.012947748637847124
	733	226	0.005725290950920776
	363	226	0.032504980033340285
	142	697	0.052826641601327
	697	439	0.039960994681523025
	439	789	0.12401510450903856
	789	143	0.09247332817566159
	63	1519	0.008333355068597153
	1519	1518	0.0030875972005503863
	1518	30	0.08256263730368761
	746	744	0.028700728285190037
	747	748	0.018207973769230442
	748	743	0.016274156862158485
	743	745	0.013950882049136314
	753	2283	0.007441150339686957
	2283	421	0.004591784995106846
	761	760	0.03253136709475065
	757	763	0.005194559891957418
	756	2072	0.012094815569001003
	2072	2071	0.008416514079147723
	2071	2064	0.022536158748469676
	2064	762	0.020292961196727383
	419	2077	0.010293023361721842
	2077	758	0.008622812832921885
	758	2073	0.014113439649643802
	2073	756	0.0032114844969606342
	756	761	0.03098648870898574
	761	755	0.013194407807842107
	755	757	0.016872609225185003
	757	2063	0.014134076285048676
	2063	759	0.005132351049603127
	759	754	0.014892678551109446
	754	420	0.012475253970923948
	427	154	0.026709065039799244
	154	428	0.02884774807410438
	428	155	0.02762009255835851
	155	429	0.03155749791095935
	429	156	0.0493083842538825
	156	157	0.11559554831156353
	157	1486	0.04114772469999509
	1486	430	0.033739776485715675
	430	45	0.06153850415077645
	765	766	0.01736153995300239
	318	770	0.0036086472235357723
	770	162	0.01682575932182018
	771	1980	0.00815467864096956
	1980	772	0.039021092889944
	772	773	0.018182064294254115
	543	774	0.025691973353898938
	545	775	0.025611456467749205
	547	776	0.026122619819041386
	549	777	0.02513458590705107
	551	778	0.024729430905480836
	780	740	0.00918997579743858
	740	133	0.037356406325674475
	133	134	0.040368597634316994
	806	1662	0.001891824344180414
	1662	805	0.038782992248039834
	808	809	0.012685368900627497
	805	804	0.004568520295273346
	804	1329	0.0032452812570419563
	1329	1328	0.0028438597842041754
	588	808	0.006565415118566467
	809	810	0.02127173735549848
	810	811	0.022897295697897113
	810	807	0.05766313353696149
	807	806	0.0037408218649208932
	78	276	0.015026489747138725
	276	1616	0.01117215475463863
	1616	79	0.00998683054007493
	79	433	0.007669660487893183
	433	80	0.008186790534954462
	80	1613	0.0075004685910540336
	1613	788	0.0059559587708870555
	788	1614	0.005500715417823237
	1614	81	0.006787515601941642
	81	277	0.011757288636703441
	277	82	0.014478011273376747
	82	1646	0.011006889872162662
	1646	278	0.011594777073364737
	278	1615	0.023346667571039877
	1615	0	0.014474357859176425
	813	1605	0.038597471150000014
	1605	812	0.005164451063348072
	812	2119	0.05657215504418973
	2119	2202	0.008981288432687399
	2202	2189	0.02300755551599481
	513	1209	0.004701984397088562
	1209	306	0.006782459905370836
	820	824	0.009575040203888198
	824	1678	0.059901281147715736
	1678	1677	0.04540484808247703
	1677	823	0.01972419654223474
	823	1909	0.0188685455908119
	1909	1673	0.027857052077039528
	1673	404	0.004940710344295586
	822	821	0.018919855218221284
	821	1739	0.003769131267969507
	1739	1827	0.003779300746151294
	826	825	0.002739523813690888
	825	646	0.0024690375921999287
	646	683	0.0056939261945027405
	683	659	0.007553159929489344
	659	795	0.009986376518000255
	795	662	0.010854964055671924
	363	227	0.09136478469329139
	831	1265	0.028015101684838922
	1265	830	0.012412610933684691
	830	179	0.0398766765763053
	426	832	0.13693175414427017
	832	109	0.024062101318275506
	839	340	0.021426383927547275
	838	839	0.005665102771516616
	834	341	0.008140270418351688
	341	266	0.008618676475780074
	398	837	0.07791247759177342
	837	836	0.0617714912975537
	836	835	0.008317380003981079
	835	834	0.005858584394701503
	1912	817	0.007903800012082785
	817	816	0.01525143058393361
	816	1740	0.0052885045280336605
	840	1851	0.01716793822458464
	1851	1904	0.03170324274810034
	1904	1901	0.010302121349636057
	329	848	0.06330788381935702
	848	847	0.00669214709506017
	847	846	0.008484255221866285
	846	326	0.06547339262753037
	510	841	0.007406205296048877
	841	851	0.009607500774206057
	851	854	0.0027486861878018055
	854	856	0.0015820093711848755
	856	858	0.008607553566421249
	858	861	0.0066978372638253625
	861	1499	0.00977851860372861
	1499	866	0.01443163577820739
	866	868	0.0023709126777800124
	868	864	0.012607060467969087
	864	860	0.013347177510171369
	968	974	0.012292624187833424
	968	972	0.009163901579490888
	972	844	0.009474726089273803
	980	975	0.07440130632817875
	975	974	0.007905185198429842
	842	907	0.004576428333875722
	907	937	0.04061004174629964
	937	410	0.03951739724662641
	410	965	0.002081670172541295
	965	968	0.00840081466198312
	869	863	0.010041526330598554
	863	857	0.024361858213705883
	857	856	0.01408420509291982
	888	902	0.01611343307636105
	902	908	0.040068166733238354
	908	931	0.04868246014410457
	875	1500	0.01424575583268991
	1500	865	0.008713211678436666
	865	862	0.010087040710715003
	862	858	0.015578362152418633
	924	923	0.004374068713225932
	923	931	0.011664971828543107
	931	950	0.02332779429392125
	950	961	0.010607576578755506
	961	969	0.012767977407946869
	969	976	0.020937122594595806
	976	977	0.00801226746314676
	977	979	0.010253557158148803
	979	978	0.015166369530157523
	939	961	0.03966586019917298
	961	963	0.0061505569283117284
	905	910	0.023151158165096667
	910	921	0.031726931669508296
	871	598	0.013454023667270104
	878	869	0.030462780419661103
	869	412	0.004009751905200279
	412	600	0.010973205135097785
	600	859	0.008152224506188297
	902	910	0.03510035685154636
	910	934	0.03428026636701875
	934	946	0.0010734244505001534
	976	959	0.04835696889867712
	959	934	0.04122226460969603
	934	919	0.009405952531749693
	919	915	0.008550823453924225
	859	871	0.05596640851087303
	907	877	0.0680777097175048
	877	873	0.002769430868256397
	873	871	0.009346830268176537
	859	855	0.0052626358362976786
	855	853	0.01499205157765334
	853	1498	0.009255264478322872
	1498	1497	0.011830594104353259
	1497	852	0.014349597492479433
	852	851	0.004951552726355289
	868	870	0.02605766707297664
	870	872	0.01097153575360906
	872	888	0.01790356056039759
	888	889	0.0056634167460875556
	889	893	0.006453951646894986
	893	901	0.0058634106338100915
	901	903	0.003167025150472757
	903	904	0.008693001169670813
	904	905	0.007277767997707781
	905	2240	0.008487288020339136
	2240	906	0.007923751531195886
	906	909	0.0020270890824018064
	909	913	0.00644647427457254
	913	915	0.008501463414538472
	896	908	0.04522905655595908
	908	922	0.025110280298486037
	973	959	0.032317455314684954
	959	941	0.025280941810365335
	945	941	0.003534671947676041
	941	938	0.0037309753177719746
	938	932	0.003711787961961874
	932	926	0.003722334276298494
	926	921	0.003083531488865828
	921	920	0.004142554578666683
	920	916	0.0035268649547604367
	916	918	0.003531577374368158
	918	922	0.0029949273382753427
	922	925	0.00385086034663976
	925	929	0.0032174231944931755
	929	936	0.0032146978407439956
	936	939	0.003220710874810569
	939	944	0.003541682349506398
	944	947	0.0035371167589208358
	947	945	0.003531805129641069
	897	895	0.002564528681161623
	895	892	0.003064626252855216
	892	890	0.002229827634088884
	890	884	0.0033824440929499486
	884	881	0.0034937972501719165
	881	878	0.0031733700239852977
	878	874	0.004133070510760068
	874	875	0.003034524926485223
	875	876	0.002549671116827348
	876	879	0.00317730403750609
	879	883	0.0036582543959198257
	883	887	0.0031181679654997798
	887	891	0.0017458049380099539
	891	894	0.002963092852176439
	894	896	0.0030610599301877633
	896	898	0.002928714350763662
	898	900	0.0033746920307929696
	900	899	0.001870504470792729
	899	897	0.0029212220308172444
	844	1077	0.007306310201670047
	966	963	0.006035782889733158
	954	951	0.00450695126180786
	943	415	0.004994241764710815
	415	1807	0.010787082101407818
	942	930	0.008841699271935712
	930	413	0.013722168451437316
	863	867	0.01468708303983021
	867	865	0.006151575357589239
	886	885	0.002506237378959236
	885	598	0.01635154247498077
	962	957	0.008743943662015231
	957	414	0.012622691028560586
	935	930	0.005104108794381868
	930	917	0.013503664028223844
	968	957	0.024445586875939052
	957	955	0.005259550223069112
	409	912	0.010643964327657272
	912	914	0.01326906328279492
	914	924	0.01708983783874784
	924	928	0.0048777708640902594
	928	933	0.005778595936348225
	951	940	0.011970277285951755
	940	935	0.004638293958800667
	935	927	0.007081494910187945
	927	943	0.011734561309549373
	943	952	0.011142685435803117
	952	955	0.007498146609715786
	955	958	0.0043135480368189155
	958	951	0.010696209692414714
	974	964	0.024885811510010535
	964	962	0.003601197003380708
	962	954	0.01679981505405913
	954	942	0.017254379098192024
	942	948	0.003735162525180679
	948	933	0.012581142151982886
	933	917	0.01274755387719678
	917	409	0.01809977477373531
	969	971	0.004718594770293755
	971	970	0.00515325826013814
	970	967	0.004382996098764998
	967	966	0.00484598118849905
	966	960	0.004829298645856722
	960	956	0.004855474517970049
	956	953	0.0036560955242635495
	953	950	0.0050983515066004995
	887	882	0.00491882948861743
	882	880	0.04080118996095427
	880	872	0.016937394927594877
	897	911	0.043737878923539704
	911	914	0.007287375527378015
	409	886	0.061787534356067306
	886	877	0.010224223976072259
	982	1035	0.010620048673772703
	1035	1028	0.04034705753537045
	1028	1014	0.03610126646093536
	1014	1011	0.010630556936196056
	1011	765	0.007025109195273619
	980	1026	0.005888334582040163
	1026	1031	0.027724459728064813
	1031	1036	0.045097771614195335
	1036	1038	0.023766182073783802
	1033	982	0.025777871945234624
	1037	1824	0.007949465037362435
	1824	1038	0.006785908848273331
	1037	982	0.02984230825450678
	1033	1032	0.0078114884584101815
	1032	1030	0.01500188784379497
	1030	1308	0.013434361718428885
	1308	1018	0.040449904437419464
	1018	1007	0.025151000406247882
	1007	2234	0.009450405848317123
	984	987	0.005653903444269587
	987	990	0.005201964412301373
	990	993	0.022031910174067804
	993	995	0.016417353096622227
	995	996	0.011451752204823761
	996	973	0.0032064762567954007
	973	1000	0.023793204900816073
	359	1024	0.0466603159184746
	1024	1842	0.006309154993842535
	986	946	0.011050952441178659
	986	989	0.009549029055851973
	989	991	0.017820466213113815
	991	992	0.006058373124079823
	992	994	0.007277043766157099
	994	995	0.011357453837971791
	978	999	0.027469248522118316
	999	1000	0.020195415766610436
	1000	1005	0.01784472371084759
	1005	1006	0.011911586205261043
	1006	1009	0.008016739490787794
	1009	1010	0.00753310382311995
	1010	1012	0.011391235634970059
	1012	1017	0.010526915571769312
	1017	1020	0.013381811863299077
	1020	1021	0.012449270635627754
	1021	1019	0.008831060291332685
	1019	2150	0.010964004689467502
	2150	1013	0.006556004028792385
	1013	1008	0.007604487259940184
	1008	1496	0.010762321641838392
	1496	978	0.007460010929197038
	983	984	0.007895398885812572
	983	915	0.02097574961786834
	1007	2235	0.013158618337201122
	2235	1004	0.009386503094148327
	1004	2055	0.012178479293588127
	973	997	0.0094983546635366
	997	999	0.007470067969527735
	1018	1016	0.0070978871444917465
	1016	1015	0.008412803747557786
	1015	1012	0.006697637041015184
	998	2236	0.0050644219151669105
	2236	1002	0.0065228420082175
	1002	1004	0.006275539841208149
	1004	1006	0.018621425946946747
	990	988	0.00611645988567783
	988	985	0.006269510542851637
	985	986	0.0031431302223017287
	1030	1027	0.01127520873453623
	1027	1025	0.013439211062937844
	1025	1021	0.00554798695444952
	977	1001	0.005936444261478308
	1001	1003	0.003517135450619209
	1003	981	0.00448483776649176
	1023	1034	0.049531126265664555
	1034	1037	0.04799475068005058
	358	1029	0.006580597797394861
	1029	1026	0.018409551079976275
	1026	1023	0.012423068982364265
	1023	1011	0.030907044319536902
	1011	359	0.02783358720854727
	1064	1062	0.019201019979249907
	1062	1061	0.012255286579083218
	1061	1059	0.014106039308533899
	1059	1058	0.02500694654617218
	1058	1057	0.0069624657930507095
	1057	1060	0.026068341319430102
	1060	1064	0.02669415310716941
	530	1057	0.008097511474400215
	529	1056	0.010675899447618525
	1056	1051	0.022556624102896956
	1051	528	0.003149651466863391
	525	1045	0.007487709748905183
	1045	1040	0.016639852664386886
	1040	1042	0.01797850562145631
	1042	1048	0.02097822881651804
	1048	527	0.007345186095774024
	526	860	0.008506792179145342
	860	1052	0.02510304796392898
	1052	1054	0.014863505915262618
	1054	1053	0.01515734988248033
	1053	1055	0.011705735966280027
	1055	1056	0.014901621879090369
	1068	1065	0.017513063444656904
	1065	1063	0.023869668869804444
	1063	1062	0.006858007386919863
	860	1050	0.015263198015230111
	1050	1049	0.011647452200513447
	1049	1039	0.0149756350293006
	854	1046	0.007583963658852541
	1046	1047	0.0067805007284977
	1047	1039	0.006203295776329032
	524	1044	0.009068852628996593
	1044	1041	0.02098152263076574
	1041	1043	0.011656403688997634
	1043	1045	0.009659967578999012
	2050	2051	0.00286197628027808
	2051	1067	0.008614880540176771
	1067	1066	0.009051167091010918
	1066	1068	0.014242575456238466
	357	2054	0.04433046055783472
	2054	170	0.018457121058696555
	1072	198	0.18720722314048518
	198	212	0.09827819101873715
	178	625	0.007977516830885491
	625	1072	0.09766321645834464
	1072	1445	0.05158829743399419
	1445	511	0.01816664541142805
	511	2329	0.009616250204958923
	2329	623	0.002459975179032512
	623	1070	0.07057515384331434
	1070	196	0.0626118819523779
	196	1116	0.010534251436772942
	1116	197	0.07928530647792174
	1073	1069	0.06880338977723789
	1069	1071	0.05142635994326199
	1071	2155	0.04030304140941005
	2155	1075	0.006157807281891331
	200	1117	0.01014689002011104
	1117	620	0.1081064921647393
	620	1123	0.04767457076649376
	1123	348	0.04326587104335222
	348	1147	0.00838948009608162
	1147	202	0.007886970732957032
	272	1156	0.01845697867981101
	1156	1161	0.008735840138451972
	1161	1162	0.008487497519038805
	1162	354	0.007833245234006248
	354	1167	0.00535899246369096
	1167	1169	0.013152532433810838
	1169	1074	0.019857050593944537
	62	338	0.008750195421047727
	1078	1313	0.016612667584221245
	24	614	0.07188223836778722
	614	2120	0.020923388331426235
	2120	1723	0.03418794798979587
	1723	1080	0.0273216605923465
	1080	1324	0.0014339833865713346
	1324	1079	0.06538001173891608
	1079	166	0.07987008143930886
	290	1225	0.006500875976290676
	1225	1081	0.0041951362091414155
	1081	1082	0.009245185114633424
	1082	1226	0.004049707926347046
	1226	289	0.006596408709948776
	1085	209	0.023732204594924942
	209	1084	0.02757982328915528
	1084	1228	0.018197494943918792
	1228	1083	0.005192450728065421
	1083	110	0.00841707897233544
	17	1358	0.0017464247756044462
	1358	1622	0.0056241795587002935
	1622	1659	0.002130036309002545
	1659	1660	0.030103056127754022
	1660	283	0.009176033887672755
	291	582	0.00794634287515597
	582	583	0.024572898669968674
	583	1089	0.005734884590703822
	1089	1200	0.04558083730982344
	1200	1199	0.02132254150415352
	1199	1088	0.006507041542795115
	1088	292	0.008131644661249519
	292	1087	0.04573490763601505
	1087	290	0.005208331934828048
	1658	225	0.02536921986797306
	248	1361	0.001628582012299427
	1361	1086	0.004889374461855938
	1086	467	0.03212601088687094
	467	224	0.014717026586756297
	224	1658	0.001683793305907181
	1451	1618	0.015605208686727882
	1618	423	0.010222309103449347
	423	425	0.016328781825756693
	425	424	0.01018788648200874
	424	362	0.017385934251692985
	362	1617	0.00743090662593664
	89	1368	0.09416408328166705
	1368	1090	0.028536443546128044
	1090	1559	0.006234967918441129
	1559	747	0.030736266066415423
	747	746	0.005768309286575112
	746	2173	0.03366385487620627
	2173	163	0.02937377947103176
	163	189	0.07993728392264908
	187	2174	0.016568885104737467
	2174	1444	0.0449594537095669
	1444	188	0.11327362515324742
	1313	1825	0.007278686671284997
	1825	1457	0.017151830720658096
	1457	187	0.02907876144659507
	227	827	0.018124238198241115
	827	439	0.11715871430558956
	85	1388	0.03659606741654651
	1388	2026	0.0072346087466769755
	2026	123	0.051956450499681575
	1091	1347	0.09714475569930424
	1347	185	0.0014117603146388644
	1092	1474	0.009099750685029431
	69	1094	0.005282059923103911
	1094	1095	0.020524956472828385
	1095	2057	0.00405406287584677
	1114	1112	0.008291757717339905
	1112	1113	0.0033037447558472437
	1113	1115	0.0590448807423669
	1115	1111	0.00612981308654302
	1111	1110	0.0348777588226336
	1110	1109	0.006269400380067814
	1109	1108	0.026678819933257575
	1108	1107	0.024734357768932708
	1107	1106	0.05149828465524084
	1106	1105	0.019326038558391836
	1105	1104	0.035129875284834744
	1104	1103	0.05594326433900882
	1103	1102	0.03104809617304882
	1102	1101	0.02001146330355019
	1101	1100	0.01798186460499086
	1100	1097	0.015451414956423949
	1097	1099	0.006991193783215091
	1099	1098	0.0025019929426781462
	1098	1096	0.007245837334871155
	556	1506	0.0059880637097160724
	1506	26	0.013101185023096507
	556	62	0.011978739849268113
	1197	1195	0.005766433476776648
	1228	1227	0.01661583349032298
	1227	2089	0.0075136773238840444
	2089	208	0.03613089476901362
	1243	1244	0.015075283630976393
	1244	1245	0.009311093531769135
	1245	1246	0.0049092824154928355
	1246	1247	0.020503551332833696
	1247	1249	0.006886801982664826
	1249	1263	0.06552516566421673
	1263	1262	0.004606674111448222
	1262	1260	0.004110710810823505
	1260	1241	0.03518624862746372
	1270	1271	0.005784767738378476
	1271	1279	0.006369769226861774
	1279	1284	0.006747790084331116
	1284	1287	0.004883960780100389
	1287	1288	0.0101245798876014
	1288	1282	0.006423934535233521
	1282	1274	0.006962026109607649
	1274	1267	0.004663566924532514
	1267	1266	0.004122100435041276
	1266	1268	0.019086979362806514
	1268	1271	0.004234343855998677
	1283	1275	0.006217855579866815
	1275	1259	0.05487981780266185
	1259	1256	0.002040061551131869
	1256	1253	0.00397409547797254
	1253	1252	0.007038762753894864
	1252	1250	0.01428342388337138
	1250	1248	0.019370172561400237
	1248	1251	0.013853545719605995
	1251	1255	0.03323064085396746
	1255	1243	0.025600223921926294
	1243	1532	0.04243647613395141
	1532	1235	0.006691397773525895
	1235	1233	0.02109641619238158
	1241	1239	0.009425834096000282
	1298	1335	0.0027168407459946995
	1335	1334	0.0030561864066225622
	1334	1294	0.016550768640931166
	1301	1302	0.003852230157043044
	1272	1275	0.016768390443359846
	1284	1300	0.05106995830854
	1269	1272	0.012380764517777395
	1289	1283	0.00330606478681879
	1261	1272	0.05087598203658785
	1300	1303	0.030038147933421654
	1303	1494	0.011784133177355072
	1294	1291	0.005310619112346403
	1291	1290	0.007087214095518545
	1288	1304	0.023081940111700814
	1304	1305	0.056106882722098475
	1285	1548	0.0042072706054469815
	1548	1547	0.018574350661342894
	1547	1278	0.0581519620229989
	1278	1546	0.022353929160602075
	1546	1269	0.04966667041051046
	1269	1548	0.00885104025710524
	1276	1258	0.056892707447968656
	1258	1254	0.022655416245892374
	1255	1264	0.04900749294594955
	1264	1270	0.004214764494644677
	1270	1273	0.014600300580748633
	1544	1543	0.00804508685814475
	1543	1536	0.01655972305506719
	1536	1535	0.00808966485665089
	1535	1534	0.0017090586231099862
	1534	1533	0.001990641367122787
	1533	1240	0.00131185260075368
	1493	1300	0.011087190614176502
	1300	1286	0.01003956722595209
	1286	1549	0.0010877419174942081
	1549	1277	0.006258187265090182
	1290	1289	0.006652898371880282
	1289	1292	0.0042570724255004706
	1303	1301	0.004319788264463664
	1301	1293	0.008863667185281214
	1293	1289	0.004058313273396687
	1250	1238	0.03558392890728878
	1238	1237	0.010271469947988441
	1237	1236	0.009323711179973047
	1236	1234	0.01441658319788868
	1293	1295	0.003763516681259658
	1310	404	0.005990406726608947
	404	1078	0.0019521856954195596
	1324	1323	0.029996569493677468
	1323	848	0.011982009045912777
	86	466	0.005617039663283141
	466	1337	0.011411936401951104
	1337	1336	0.018102927117614725
	1336	1334	0.0033144909583010915
	1334	1332	0.00907723016834872
	1332	1331	0.021567272158422905
	1331	1330	0.03444709125888917
	1330	1328	0.009607932769286728
	1328	1545	0.003294087016233141
	1545	1327	0.01681571418330918
	1327	1452	0.03281202029177559
	1452	1326	0.017425237540619008
	1325	1365	0.029060290306968575
	1365	804	0.053894024744108066
	804	709	0.043410879465845646
	709	588	0.020926739265425487
	588	1298	0.00931760611009752
	1298	1338	0.022216619366737935
	1338	86	0.01690527924211941
	315	790	0.013256399393448666
	790	800	0.004164875715878295
	800	105	0.0038563219159131316
	1372	1983	0.018283775002646406
	1983	1374	0.004051274552999654
	1374	1367	0.02582625740016221
	1367	1990	0.0043340619471166925
	1990	1377	0.012661521629536283
	1377	1368	0.014835306091554602
	1369	1371	0.026134574430716026
	1371	1366	0.01556501642705016
	1366	1375	0.018249256914635824
	1375	1376	0.008855850370700804
	1376	1373	0.009708993351159793
	1373	1372	0.03697850482012605
	1372	1370	0.00909363981626182
	1370	1369	0.040866857563316886
	2143	2144	0.004423926415183099
	2144	2145	0.012444896346783786
	2145	2175	0.07259555559704912
	2175	2268	0.02465666799814962
	2268	2142	0.04637107966074346
	2142	2146	0.04448861832428312
	2146	1381	0.0646595272451294
	1381	1558	0.007313909818105923
	1558	1379	0.004182083076026804
	1387	1386	0.01200096990306231
	1390	1385	0.026382061851501278
	1386	1384	0.012851769485332612
	1403	1400	0.012881777983298074
	1402	1405	0.01290593009468578
	1404	1402	0.012643906909333513
	1402	1400	0.0035451549517364757
	1388	2024	0.012807613579565847
	2024	1390	0.005650544595366567
	1390	1394	0.04051780772436943
	1394	1387	0.034889614819713095
	1405	1403	0.003597078216300782
	1403	1398	0.030336663524449223
	1398	1401	0.018898090845869006
	1400	1399	0.015972140589902078
	1399	1397	0.01125092481183565
	1397	1396	0.005481955609878904
	1396	1395	0.015038455595024454
	1395	1393	0.011299939672857987
	1393	1392	0.011979615697282219
	1392	1391	0.005637583475815444
	1391	1389	0.01068148777592849
	1408	1406	0.0014349560000352863
	1406	1407	0.0026916326081968087
	1407	1410	0.0014540199441350308
	1410	1409	0.0011796831617435352
	1409	1408	0.0014976397861807675
	1193	1196	0.0057346653307191265
	1411	302	0.0027421719349781594
	1412	1413	0.010781706047944657
	1413	1414	0.0036576485910531998
	1414	1415	0.005832169492115019
	1418	1416	0.005044339291670546
	1442	1441	0.0031624523146457557
	1441	1950	0.0075790813995090705
	1950	1440	0.007023228683266205
	1440	1418	0.0017629517379252001
	1418	1415	0.009314133313132307
	2195	1421	0.006305252103914192
	1422	1417	0.005879714520177304
	1421	1422	0.012899443749544767
	1424	1425	0.00871565631884497
	1425	1426	0.005591919195250588
	1426	1427	0.004164301613993121
	1427	1428	0.008711791588237915
	1428	1424	0.009762101446521614
	1424	601	0.0069951068823504246
	1429	2023	0.006052638150312951
	2023	1430	0.005057739871834762
	601	1429	0.013173702916129244
	1428	1432	0.004108836641196786
	1426	2022	0.007334024319662239
	2022	1433	0.007868114452966146
	1437	1434	0.0053019193389027
	1433	1437	0.011382231650853912
	1432	1435	0.005399050893011196
	1435	1436	0.007434435118329775
	1436	2018	0.007413625184630983
	1425	1438	0.004533975596315479
	1438	1439	0.01271170722433898
	1439	1423	0.006549988906802588
	1953	1955	0.0010031772449854422
	1955	1954	0.0008678192371565817
	242	1451	0.00586412540187387
	1449	392	0.07022729772898123
	1450	1623	0.00909765790421445
	1623	1357	0.004901671589641639
	1357	17	0.001277171507291699
	519	1467	0.003996967056353473
	1467	16	0.007260135813739359
	515	517	0.07317683462360863
	517	1468	0.02240189736062697
	1468	1188	0.008301507440780046
	1188	519	0.002119740570968416
	1471	1476	0.017522934846373506
	1476	1478	0.011683605653708585
	1478	1473	0.02029023841492715
	1473	1472	0.023009773658896965
	1472	1474	0.008467000063678282
	1475	1476	0.03182467663488179
	1619	1479	0.01648800426422405
	1479	1620	0.002873226451617361
	3	764	0.051635739990144425
	764	1491	0.024253717649376578
	1491	722	0.024819459695185057
	722	1	0.04223723000363368
	1	730	0.0454649184208119
	730	1490	0.026974040570927664
	1490	723	0.026018641993181543
	723	2	0.040970809820486113
	2	721	0.035650670588482904
	721	279	0.03467564833520829
	279	726	0.031155724855109514
	726	0	0.0334859291790231
	203	57	0.04397519268545259
	56	55	0.14262969765113506
	55	2134	0.013734907003724107
	2134	1602	0.009690810960934439
	1602	220	0.004023187063034774
	220	1603	0.033303823031487684
	1603	50	0.029918586187233847
	9	2167	0.02086657062250123
	2167	2168	0.03459921029544495
	2168	559	0.056439029758938504
	559	497	0.03222408095181855
	497	2156	0.019739109574625085
	2156	2157	0.020742979529590182
	2157	87	0.04156015388356548
	121	365	0.01867044957276363
	365	509	0.006941175365371429
	509	507	0.03468413167104791
	507	389	0.014318179038101465
	389	59	0.03762403967198793
	59	382	0.03337060132478093
	382	373	0.019682176743275298
	373	1529	0.010604807555837993
	1529	2099	0.0040183631422436705
	2099	31	0.012127120185879334
	20	1185	0.008402523343469727
	1185	1569	0.0038961362354768565
	1569	21	0.02325553524664034
	21	1470	0.08056723096946405
	1470	89	0.016007716801955677
	2108	2102	0.012575380350027287
	2102	2103	0.004810501213673261
	2103	1524	0.006885266441741435
	1524	2104	0.006631150746962554
	2104	1523	0.004191435111392715
	1191	2110	0.005626042683095792
	2110	2111	0.006517119086111156
	2111	1527	0.006029943738842171
	1527	2112	0.008876937919379648
	2112	2113	0.005659632375798088
	2113	2099	0.008117842513401679
	2099	2114	0.007930352448679248
	2114	2115	0.005198313566878258
	2115	1530	0.009439310942940142
	1530	2116	0.007726448396569928
	2116	2117	0.0038925932710529264
	2117	2118	0.0035565931021409613
	2118	1192	0.004238474702517182
	1192	1191	0.006908373786061506
	2110	2109	0.03947179711286397
	2109	1521	0.006555235832097127
	1521	1525	0.00742439519967643
	1525	2108	0.004103607479931158
	2108	2118	0.0439647175835097
	1512	1514	0.007194729401654715
	1508	1506	0.007150890157077865
	1506	1504	0.011505614505347556
	1504	1749	0.00569937241916197
	393	1508	0.004092270528020053
	1508	1507	0.005347243311070377
	1507	2287	0.009724423326200446
	1255	1542	0.008986214905627132
	1531	1538	0.054772369235987266
	1542	1541	0.005210116934247063
	1539	1538	0.006794251505986542
	1538	1537	0.01769026512863023
	1537	1540	0.006814263229121716
	1297	1299	0.00928363343334817
	1299	1336	0.007267246652878122
	1295	1296	0.006389222919102204
	1296	1297	0.006118955359658457
	1551	982	0.005742071340341902
	1556	2140	0.04351377748267131
	2140	2138	0.005740181520528456
	2138	2136	0.006610371323801379
	2136	1555	0.003677964086184954
	1568	1567	0.011670785837320766
	1569	1568	0.013981909216808914
	1560	1559	0.08808721676361683
	1561	1560	0.036037856483397655
	1567	1566	0.009597536271996004
	1566	1565	0.022750757560036822
	1565	1564	0.0205923151598179
	1564	1563	0.03137366511975579
	1563	1562	0.015074822619343313
	1562	1561	0.002203064085579531
	557	1575	0.004364481507772919
	1575	1576	0.002046485336227027
	1576	1577	0.002221723432854487
	1576	1579	0.0016828240274091334
	1579	1578	0.0023141497001354055
	1579	1580	0.0015353601993222984
	1581	560	0.007423159636819557
	1582	1583	0.0019451833599651053
	1584	1585	0.0065889983605284
	1584	1586	0.0007197294837810964
	1585	500	0.004143166804904525
	1588	1589	0.023106660405267956
	1590	1591	0.008826623270691064
	1591	1592	0.003552988956018698
	1592	1668	0.01640972225260107
	283	1596	0.0013180517726217734
	1596	1597	0.010058483242048144
	224	1597	0.010611756551564619
	1598	1351	0.008588570825237013
	1598	1599	0.011363959988422342
	1599	297	0.030575673224186774
	297	751	0.03489514756518261
	751	295	0.00396836561137613
	51	1849	0.04376769735023435
	1849	1880	0.01670252299761939
	1880	1865	0.017451369252781485
	1865	2015	0.015426883935161697
	2015	1877	0.03026375735575631
	1877	58	0.013651345483732761
	248	1359	0.015086084623342669
	1359	17	0.005223346872642673
	1607	2188	0.02191103465604917
	2188	40	0.030554745992685855
	1606	1114	0.04981535326536688
	1114	40	0.009476328738224538
	0	252	0.05505964889089237
	1574	1611	0.031174197583335585
	1573	1572	0.010112196086492066
	1572	1570	0.021377009392421275
	1573	1574	0.006645902421396168
	230	1218	0.005404807055419972
	1218	1219	0.005819970556877139
	1219	231	0.06836991368928735
	231	265	0.06559695817913583
	265	1661	0.039219869411163184
	1661	1220	0.015127279990471348
	1220	232	0.05575215355541704
	232	782	0.010354289034211726
	782	342	0.08538440175945895
	342	330	0.008628857223316674
	444	229	0.03324371835658202
	229	296	0.005953187821035793
	296	230	0.005976421914892668
	1621	228	0.24360517098288348
	228	1213	0.05314938243340375
	1213	1214	0.09165791339093424
	1214	1215	0.011623665699660711
	1215	1216	0.038231771668358845
	1216	444	0.030104909519565952
	1478	1619	0.0036223826845478094
	1620	1477	0.008951175743855308
	1624	1625	0.01757963235044437
	1625	1626	0.04560105714315176
	1626	1627	0.018019789276526078
	1628	1629	0.0007121338435591251
	1836	1632	0.0010036381421027587
	1632	1633	0.0069230966726030714
	1633	1832	0.007961718663147054
	1474	1091	0.01908026587733492
	185	106	0.09505377660487802
	1637	1636	0.029009423736351885
	1636	1635	0.0018759066793596847
	1635	1634	0.028896830987818253
	1634	1637	0.002282700706700766
	45	1172	0.051818024655989836
	1489	73	0.03754409960530524
	73	724	0.06736476314194949
	724	1643	0.043496094951097075
	1643	74	0.041570061398337646
	1645	39	0.08799616835326098
	39	1644	0.055556456154457985
	1644	785	0.04197519029892784
	1649	1652	0.0023890505719406318
	1652	1651	0.02339994236247686
	1651	1650	0.002504197368384584
	1650	1649	0.023196720561512427
	1656	1655	0.002682593488475862
	1655	1654	0.026891930858560516
	1654	1653	0.0021362497936043235
	1653	1656	0.026957539688967577
	1666	1665	0.010919085330680723
	1668	1667	0.005656157984422253
	1665	1664	0.012966192182355294
	1664	1663	0.029706744472412387
	1667	1593	0.021339829898438734
	1593	1594	0.005294428747130035
	1594	1595	0.00806121139394458
	1669	179	0.07000964918688346
	1670	40	0.050055489548923034
	1675	1677	0.004787954350755122
	1675	1676	0.0016841848245768359
	1829	1676	0.004855549793886096
	1678	1914	0.005127621436043749
	1914	1671	0.006877397759074353
	1924	327	0.012417651923446503
	327	1922	0.005458368546094479
	1922	1727	0.038194965252873955
	1727	1679	0.05222791408054711
	1688	1732	0.008106964122549833
	1732	1761	0.0860125456114086
	1761	1758	0.049974044326298074
	1758	1680	0.00829443366062141
	1680	1915	0.04254975522099508
	1915	1694	0.04068072386510269
	1694	846	0.01475586158903096
	1682	1731	0.008128639527054156
	1731	1762	0.06345078768619808
	1762	1695	0.04161590175092361
	1695	1681	0.039766287428900614
	1691	1690	0.010554410529935344
	1690	1689	0.01736360976664976
	1689	1716	0.01703480056027808
	1716	1717	0.017244716485242645
	1717	1682	0.01631655581041285
	1682	1718	0.020523808215426622
	1718	1719	0.0181721395671499
	1719	1688	0.016049728533152736
	1688	1720	0.018451658954318013
	1720	1687	0.017853021557777737
	1687	1686	0.04637885582016114
	1686	1685	0.06865363442360818
	1685	1786	0.01814860562883928
	1786	1738	0.017267747690443504
	1738	1697	0.02031303126165477
	1697	1737	0.013228129869999468
	1737	538	0.005313695580844568
	1689	1729	0.011099456204143198
	1729	1684	0.010820099116136052
	1684	1696	0.07634357444816554
	1696	1683	0.06438521616782956
	1683	1808	0.03420665163113461
	1808	1681	0.03133050050333121
	1681	1680	0.05532456312240518
	1680	1724	0.037474129642128165
	1724	1679	0.02806280989544611
	1679	1921	0.005994659455900628
	1921	1968	0.12091064270876199
	1968	1692	0.04531769771313013
	1692	53	0.004891532435856109
	1694	2123	0.09454414160672221
	2123	1693	0.014364160867662514
	1693	1683	0.03703810819020529
	1696	1695	0.06180872180128072
	1502	1501	0.03411079748004451
	1501	1698	0.004871045254940384
	1698	138	0.06780961183864201
	1682	1699	0.038619840969216515
	1699	1700	0.01982565744616414
	1700	1705	0.01721417610654751
	1705	1707	0.01817865595472389
	1707	1709	0.018415547680737828
	1709	1701	0.017336374359221505
	1701	1702	0.03448642360493781
	1702	1708	0.016858906600090165
	1708	1703	0.01680220011930663
	1703	1706	0.019212487966836285
	1706	1704	0.018140029101723715
	1704	1700	0.034434570538628036
	1705	1706	0.032811488800665624
	1703	1707	0.03108017328915031
	1708	1709	0.03296771089204823
	1699	1715	0.02089695532999715
	1715	1714	0.021918981425146353
	1714	1710	0.02660813584902072
	1710	1711	0.024046315782966166
	1711	1713	0.00495255789547724
	1713	1712	0.01772401176237226
	1712	1715	0.027270509886140347
	1713	1714	0.02332758902414652
	1713	1716	0.007321693060093081
	1716	1757	0.00808525023198661
	1712	1717	0.007425468581040153
	1717	1756	0.007711534060297275
	1704	1718	0.007135237182227949
	1718	1755	0.0075123993214144
	1706	1719	0.007452188693041449
	1719	1754	0.007487713663936329
	1703	2013	0.0022689015881380095
	2013	1688	0.006191443866464315
	1708	1720	0.007614956934713078
	1720	1733	0.007191609389159317
	1722	1723	0.031066656063836788
	1917	1726	0.020023155578668746
	1726	1724	0.04515901332417928
	1919	1726	0.0091193564293437
	1726	1725	0.0075526448094515135
	1728	1770	0.014924070026281403
	1770	1735	0.03736171839466027
	1735	1734	0.07888360952653556
	1734	1733	0.044992043681569296
	1733	1732	0.019523588265851863
	1732	1754	0.013133676730628673
	1754	1755	0.01847045205530941
	1755	1731	0.02317418507233751
	1731	1756	0.013024040993560429
	1756	1757	0.017141434403755783
	1757	1730	0.025487200672904747
	1730	1729	0.005131148158376655
	119	1742	0.012464812884819662
	1742	1743	0.02135790751596754
	1744	1745	0.0038141319884077867
	1745	602	0.011247736295856344
	1745	1741	0.022451786984960025
	2287	1747	0.03645789535118719
	1747	1748	0.008631485116473624
	1749	1750	0.008997993511338778
	1750	472	0.009192273111443024
	472	1751	0.026697037486534164
	1751	1752	0.008051352531320307
	1752	1753	0.00805923664867259
	340	282	0.005037986144853081
	282	1505	0.13375990890444367
	1505	2287	0.005339683083851731
	2299	2298	0.1348353961657614
	2298	2287	0.0034100145848086497
	17	838	0.016679039881424215
	1292	1549	0.024357576158801138
	1549	1285	0.002659663504061985
	1763	1758	0.009848710563741508
	1762	1761	0.05048015975462873
	1776	1759	0.004040950097538606
	1759	1760	0.028999391789598417
	1760	1762	0.003969141404908569
	1765	1769	0.0024564728358333994
	1769	1777	0.0015775069989138507
	1777	1767	7.039904764971627e-06
	1767	1778	0.0017265947147650888
	1778	1764	7.03990470241056e-06
	1764	1768	0.0013084012036881619
	1768	1766	0.0024435335501331533
	1766	1765	0.004588997044872625
	585	1772	0.023821353198165623
	1775	1774	0.005109635379843607
	1759	1775	0.004716679247896582
	1774	1773	0.001195527129448766
	1773	1695	0.003964989959282478
	1737	1736	0.008595484333923285
	1736	1728	0.01841587180661623
	1738	1779	0.01058937554514482
	1779	1780	0.018641806180314247
	1780	1737	0.0075681018214094915
	1728	1738	0.011432252614416043
	1721	1782	0.010614352034550072
	1782	1783	0.036894135253109285
	1783	1785	0.019130576699267203
	1785	1784	0.03507000158899804
	1786	1781	0.009055835628465516
	1781	1785	0.005995745378975264
	1787	1788	0.005805430757940361
	1422	1787	0.010921270459258494
	1789	1790	0.0027112797937786566
	1790	1791	0.019226008718266484
	1792	2009	0.001340347043618517
	2009	1791	0.003237134701380395
	1794	2010	0.001214990271840266
	2010	319	0.006108286244945401
	1798	1797	0.002989613568614947
	1797	1795	0.001421767524550681
	1795	1796	0.0014575381960113749
	1796	1799	0.0029952058241986966
	1799	1793	0.0014448238631632729
	1793	1798	0.001391160013430647
	1800	1801	0.0031503856138316733
	1801	1802	0.007632703280104822
	1802	1803	0.007088093178672776
	1803	1804	0.010946100705906622
	1804	1805	0.01001081908070014
	1805	1806	0.008802131010013798
	1806	671	0.014027708429249686
	1809	1808	0.027062125358810352
	1814	1812	0.002899911410935889
	1812	1810	0.0012174346702277913
	1810	1811	0.0010954008017679665
	1811	1813	0.002895426849323517
	1813	1814	0.0023520158120823465
	1819	1818	0.002244233950288485
	1818	1821	0.002859440288020666
	1821	1817	0.0010777500778219895
	1817	1820	0.0011964493516983213
	1820	1819	0.0028549840807811843
	580	213	0.033764044526394775
	213	1195	0.02034941769317228
	1195	1193	0.0070989579242622695
	1193	242	0.01676725416154835
	242	515	0.006171192371208862
	215	2303	0.01763824606431667
	2303	2302	0.020688102658857125
	2302	1513	0.02289711983154069
	1513	1514	0.0049669916325878515
	1514	28	0.013572641547028332
	1830	1831	0.004281822573146805
	1826	1740	0.011685520745487728
	1827	1826	0.009203871847010232
	1625	1828	0.015666921801792088
	1829	1830	0.0032492171433437687
	1831	1674	0.0018232783655107979
	1836	1834	0.0021728671895413026
	1837	1835	0.0020638121729511143
	1835	1629	0.0010428523442858344
	1629	1834	0.0009817263487944055
	1837	1630	0.0009948095637712972
	1630	1631	0.007186977442197594
	1631	1833	0.009483679286637169
	1013	1840	0.020580615781121425
	1841	1028	0.006549892745786281
	1028	1024	0.027056625093706328
	1024	1022	0.006508496041009584
	1842	1033	0.04490397962370357
	1849	1848	0.026493247305514306
	1848	1890	0.0015357513423963614
	1890	1889	0.005177941002396038
	1889	1847	0.01576349048342165
	1847	1846	0.0038086335609260093
	1846	1845	0.011147502035568392
	1851	1850	0.004795808735655324
	1866	1865	0.00467774835023277
	1854	1853	0.014086055461810106
	1856	1852	0.006692435912012104
	1852	1854	0.006632417481774996
	1855	1859	0.02311699451631909
	1859	1857	0.0021772295908166384
	1857	1856	0.003224484128953763
	1858	1860	0.016272221831355956
	1860	1859	0.003926238157830615
	1862	1861	0.0063614866397929196
	1880	1878	0.003399622564457204
	1876	1855	0.005255818105193201
	1855	1868	0.04280348482386639
	1868	1867	0.018694642830921676
	1867	1866	0.0056297627208395035
	1871	1872	0.0042003116686375845
	1877	1875	0.004546794357555036
	1874	1873	0.048255648910332426
	1875	1874	0.007128468913479391
	1874	1876	0.016117753069117717
	1876	1869	0.012252424851757883
	1869	1870	0.046484365693790254
	1870	1873	0.026161388397105034
	1873	1871	0.007095530243050241
	1878	1972	0.032594708456471826
	1972	1879	0.02000759925515056
	1879	1864	0.012254418650534601
	1864	1863	0.029221954055129104
	1863	1862	0.04242573553699793
	1881	1844	0.000728689179191303
	1885	1884	0.0006827250845287766
	1884	1883	0.001242268620475367
	1883	1882	0.0033591947676294017
	1889	1888	0.00449417007270524
	1888	1887	0.0018382575024495716
	1887	1886	0.005141054410156777
	1886	1891	0.0030337891634970595
	1891	1843	0.0026098136238339492
	1892	1898	0.006873387639110781
	1895	1899	0.0065881388401549616
	1899	1892	0.006837516432922637
	1897	1896	0.013733968158513235
	1893	1894	0.0077235713672904206
	1896	1893	0.0010615832491449463
	1893	1895	0.001127913762231286
	1900	1903	0.012834792341731122
	1903	1897	0.0029630513755779333
	1897	1902	0.010451482497092194
	1901	1900	0.002430619186721112
	1904	845	0.06737435746551151
	1887	1885	0.007322493036200456
	1906	1907	0.00784275652625556
	1905	1906	0.0016157551107757817
	824	1908	0.011009439752360559
	1908	1905	0.0013590675242474673
	1910	1909	0.011688985465371157
	1740	1910	0.007445192246727342
	1910	1828	0.016258563978303435
	1828	240	0.017501648916236137
	1911	1829	0.0023792948279592056
	1829	1912	0.0026746273927668682
	1913	819	0.003246952164984642
	819	818	0.02019591886584348
	818	1911	0.013279263177198092
	239	845	0.06468304050363642
	845	1671	0.0056990815916571685
	1671	1913	0.005442087707711169
	364	849	0.005521447263730386
	849	820	0.004129787517738401
	820	239	0.01386628161659591
	1916	1915	0.0035077936629899177
	1917	1916	0.015488105153115212
	1918	1919	0.013098770999055898
	1727	1918	0.005863741830135219
	1923	1920	0.006802957936438133
	1920	1921	0.08410087924159723
	1923	1922	0.0025934467753888067
	1926	1923	0.005305829038939751
	1940	1930	0.004757311569723313
	1930	1939	0.04230733376217216
	1939	1938	0.021849058346741227
	1938	1929	0.03453746978577385
	1929	1931	0.005947725496568859
	1931	1932	0.006649645558679874
	1938	1937	0.008553540906643762
	1937	1936	0.005141289721025623
	1936	1935	0.011211271382460291
	1935	1934	0.005389197119348417
	1934	1933	0.044668170542012255
	1942	1941	0.022268776488640014
	1941	1870	0.022653424193133077
	1943	615	0.01814284005436692
	615	616	0.04399800881195512
	1944	1943	0.007592221482686921
	1079	2094	0.0403411573960892
	2094	329	0.002156023827498477
	329	326	0.015828924777226333
	326	1924	0.0021082247353209236
	1948	1443	0.0026953675955852336
	1949	1948	0.0010772888887164128
	1413	1952	0.03290253435356274
	1952	1945	0.0016932321821865551
	1945	1951	0.0010518297487530103
	1951	1441	0.006100362596369381
	1954	1949	0.002360985339667362
	1442	1953	0.004415795128521495
	1955	1956	0.007946537518737012
	1957	1958	0.005708060775022972
	1958	1959	0.012120175400721156
	1959	1960	0.013832783376641984
	1960	1961	0.015550406558847601
	1961	1962	0.014111750682074478
	1962	1963	0.00893016935448361
	1968	1967	0.009219610790467993
	531	532	0.0643934563241429
	328	1970	0.005746623395801051
	1970	1969	0.06618734059661843
	1971	1889	0.0072217738491179755
	1973	1972	0.03849235464333283
	1972	1971	0.011316881428734498
	1863	1973	0.03132354813034228
	1977	1976	0.03778721725811995
	1976	1974	0.037282869112686114
	1974	1975	0.005095522200382661
	1978	1979	0.007730352242400228
	1979	1981	0.04845349855741634
	1981	1980	0.02918331064965299
	1982	1981	0.012531546029310564
	1987	1986	0.013343974992355484
	1986	1985	0.006939852417657897
	1985	1984	0.004749670193442787
	1990	1989	0.004363401586439263
	1989	1987	0.00796848799230011
	1987	1988	0.004080315676241933
	1992	2096	0.04481158819965887
	2096	1991	0.016751545586433516
	1993	1994	0.011209698406073432
	1994	1995	0.021034263831242087
	1999	1998	0.022699712545774266
	1998	1997	0.00496812001617512
	1997	1996	0.007927881864131152
	2002	2000	0.009163990856984662
	2000	2001	0.010162133573083864
	2004	2003	0.03569706344336921
	2003	2002	0.01317702775936424
	2012	2011	0.0058933836953085445
	2011	2009	0.023114977966181696
	2009	2010	0.010766239131278275
	2014	2016	0.005838032202098013
	2015	2014	0.004053429459017111
	2017	2019	0.021216460804140216
	2019	2018	0.012910163800494291
	2018	1430	0.030762838485174367
	2022	2021	0.006717078594449443
	2022	2020	0.007825856553472193
	2026	2027	0.022680958840514232
	2027	2025	0.024354729999508495
	2028	2029	0.022391937645524516
	2030	2028	0.0069982826254779045
	2032	2031	0.0105332170623008
	2033	2041	0.02330960150193822
	2034	2033	0.012405501581140038
	539	534	0.016395637858965192
	534	2141	0.02411953330768959
	2141	2035	0.018597211474397125
	2038	2036	0.004535881636195268
	2039	2040	0.0020013318388329335
	2044	2039	0.0015126411014215278
	2040	2038	0.023207712679358585
	2038	2037	0.005995172659265278
	2037	2032	0.03384205174845363
	2032	2043	0.013255594458694724
	2043	2042	0.006973448192235512
	2042	2034	0.0032650549108574484
	2047	2046	0.006174938449264887
	2046	2045	0.007549926350090328
	843	2050	0.009994915712560021
	2049	843	0.0054303286754112095
	2054	2053	0.010912196433532051
	2053	2052	0.004070295395039941
	2059	2056	0.007838145557289062
	1469	2059	0.019079307277786027
	2059	2058	0.022986204084818482
	2058	96	0.00586509097743428
	2062	2061	0.025898374246952304
	2061	2060	0.022243932415212678
	2068	2067	0.015613785590428036
	2067	2066	0.008704942249715523
	2066	2065	0.007461025358280186
	2065	2064	0.005942838123487286
	2070	2068	0.0072599671455616755
	2068	2069	0.002806174533937549
	2069	760	0.012685807330298213
	2074	2076	0.0010452324388199319
	2075	2074	0.0023017352651849565
	420	2078	0.011966372077647168
	2078	521	0.01599834905789726
	2078	2079	0.025076097201221552
	2083	2082	0.00855951362322811
	2082	2081	0.01548045487601357
	1083	2084	0.028804749832076985
	2094	2095	0.031085378111507307
	2095	2096	0.005205473855079569
	2109	1519	0.00648413098803927
	1519	2107	0.006907385454386148
	2107	2106	0.0038872728444536396
	2106	2105	0.01725917931077642
	2105	2101	0.004544468376998795
	2101	2100	0.007273703176911521
	2100	2104	0.006538329854052071
	56	2148	0.0064357585739826285
	2148	1378	0.023864435442232757
	1378	1379	0.026359900639461194
	1379	1382	0.010349435050453215
	1382	2147	0.014284216050504537
	369	370	0.01503941122045415
	370	371	0.01840543450554514
	371	2126	0.005508128567285898
	2126	372	0.026791349055248395
	2123	2122	0.023701288661445007
	2122	1823	0.003298043039900574
	1823	2121	0.025525815014475678
	2121	2120	0.03303752746900359
	369	368	0.0068394784551220195
	368	367	0.011343960944038313
	367	366	0.02097887841166388
	1431	2124	0.01258126739208496
	2124	2269	0.014461376444506116
	2269	2125	0.07299121506534603
	2126	2127	0.014020849207017407
	2127	2128	0.027291176113457816
	2136	2135	0.009600482891847817
	2138	2137	0.009749087369758902
	2140	2139	0.009533060063220047
	634	2189	0.015963081892763884
	2189	178	0.043807877093412065
	179	2152	0.015280639418211592
	199	2154	0.014821532278292502
	2154	1073	0.0077358099349422015
	1073	2153	0.006327112008749245
	2153	2152	0.012255286348987753
	2161	2160	0.011294616403490125
	2162	2161	0.00998775221833828
	2160	2158	0.009640590771392161
	2158	2159	0.03460808473614133
	2166	2165	0.035093315750023564
	2173	2172	0.06639236471452645
	2145	269	0.007074837829112403
	269	2182	0.014069737216745154
	2182	2181	0.011476109923139374
	2181	2180	0.006726148222352478
	2180	2179	0.006641620834346198
	2179	2178	0.012131468081424198
	2178	2177	0.014867545873323024
	2177	2176	0.006317605476177473
	1022	1840	0.004713340925977856
	2186	2185	0.018095968187893517
	2185	2184	0.013734689716330349
	2188	2203	0.04265348498908928
	2203	2186	0.002553858827897278
	2186	2187	0.026798506009087633
	1240	1242	0.0030946531449960986
	1242	1257	0.03098215740061966
	1257	1256	0.004666840872392261
	1545	1544	0.015041953521546384
	2193	2192	0.037237758759383136
	2183	2193	0.01912948151962696
	2193	2194	0.01958461229058781
	2202	2201	0.01875924584083519
	2201	2199	0.005659018439042561
	2199	2200	0.010595375919334276
	2207	2204	0.02059010886670995
	2206	2233	0.007764992068063374
	2233	2207	0.007765668772474154
	2205	2206	0.010766439876081295
	1684	2210	0.026048057373379452
	384	385	0.006623472435036708
	385	116	0.04995656609410872
	2213	2212	0.06281250746411543
	2215	2214	0.06267624868408345
	2216	2219	0.027219763353450787
	2219	2220	0.02053884416825015
	2218	2217	0.016718825271545893
	1446	2218	0.01809693880794881
	2218	2216	0.009863138506913147
	2225	2224	0.010997390581301144
	2226	2225	0.016524449660364898
	2221	2223	0.03321839600293713
	2223	2224	0.00997550900696481
	2224	2222	0.009594458733626474
	2227	2226	0.00606548318349635
	2229	2228	0.016606236366040347
	2230	2229	0.011300229296029444
	2231	2230	0.006101113449734857
	998	2237	0.010904918075680387
	2237	416	0.016956561004895704
	416	984	0.030775554267737218
	2238	1816	0.010013055704923904
	2239	1815	0.009209323895669334
	1064	2241	0.026473117277247594
	2241	1068	0.0024463798531936484
	2243	2242	0.026006296587129236
	2250	2244	0.023094791307876457
	2251	2250	0.03331456863225338
	2250	2249	0.012301865682292516
	2249	2248	0.0033523606966319158
	2248	2247	0.007110654799538081
	2247	2246	0.0038698976987956717
	2246	2245	0.0038919147871743585
	2261	2256	0.002258731384548895
	2256	2255	0.0025318984194306255
	2255	2254	0.0023140572419171066
	2254	2253	0.0021660475621951263
	2253	2252	0.003222435568209722
	2258	2257	0.015706503179364256
	411	2262	0.006959485043498267
	2262	2258	0.011130529712070585
	2258	2261	0.014516424701082338
	2261	2260	0.010983462628043367
	292	293	0.020968534127099574
	293	294	0.016088394681955012
	2273	2272	0.015214639646711884
	2274	2273	0.02140793436633674
	2272	2271	0.01746205875524954
	2271	2270	0.021412226671515926
	84	442	0.008664849477608568
	442	233	0.03252697617737231
	233	471	0.13862132350645787
	471	130	0.007366336537651096
	1752	2284	0.009290455217038503
	2284	2283	0.09935304292063532
	2283	2282	0.07175290860602108
	2282	2281	0.082313378228395
	2281	2280	0.08098297052123561
	2280	402	0.05870420806669174
	1752	337	0.007852127363282783
	337	555	0.01003552969727377
	555	1747	0.008642471638487048
	1747	2290	0.012120823848733026
	2290	339	0.14835113249256637
	339	838	0.008760956951555408
	1747	2289	0.008492265489646773
	2289	2288	0.15600685027772335
	2288	838	0.007064947248997123
	472	2291	0.1878070175376689
	2291	2292	0.08889221337632736
	2292	2293	0.07847091256524476
	2293	2296	0.030891887411422896
	2296	2295	0.027580234391511152
	2295	2294	0.007568265573632431
	2294	835	0.004377441684202382
	195	192	0.10990101851592826
	2276	234	0.004801060525843955
	2279	2278	0.0030749810712897767
	2278	216	0.002803496813255142
	2299	340	0.0032878047500884194
	16	2299	0.012250056243138685
	132	1222	0.13535551205473995
	1222	2088	0.00519697666876458
	2088	101	0.01016014308113349
	2309	2311	0.011573597625307875
	2319	2310	0.0014038700378251347
	2310	2318	0.02341882000706132
	2318	2317	0.004091807535247965
	2317	2316	0.0034932265500008546
	2316	2315	0.0040192370827424094
	2315	2314	0.004229572025894263
	2314	2309	0.002095576273787602
	2309	2313	0.0021109033618279855
	2313	2312	0.006163922104681903
	2324	2323	0.013334922719751573
	2325	2324	0.010491005759878928
	2322	2321	0.003691395031184121
	2326	2308	0.001961883644907732
	2308	2320	0.00304108987840717
	2320	2322	0.003182202578623914
	2322	2325	0.0053474714274199
	2327	2328	0.06075250240020219
	1741	767	0.013693404342093369
	1541	1539	0.003311707598376683
