0.20030640971611596
0.10721774926991925
0.17622289558267015
3.5199523762341325e-05
0.1914854090703021
0.21366814892251978
0.1939916151596297
0.1309844676898166
0.04208455056702418
0.1689436340760712
1.4126202462734547
1.405256505909926
1.3888535278535574
1.3654599243851406
1.349218864137866
1.3423056776780453
1.3523797813684604
1.4017365535373185
1.2787634974475948
0.7913697722210126
0.6748030294494696
0.647234762467116
0.23409091258843368
0.1617910908549291
0.3922423726900633
0.4255552019445034
1.248907261423065
1.0699247231802784
1.0767745504974022
0.8214935246258609
0.7051168592824094
0.7221463888611103
0.8007398854368686
0.9547870810720236
1.9393177596926499
0.9685923342774327
0.8116024584587723
0.7498906534620878
0.6145484847350079
0.42879355812732484
1.3314571844656713
0.9558501066885958
0.8137144298823243
0.7487361090838837
0.6115002059803405
0.4705331533618032
0.35148836411993
0.2920715680701867
0.239490519528037
0.04219718904295113
0.32428617218435474
0.7686097601796302
0.7272925592298622
0.5982299855355686
0.26441882223090357
0.41312273016444995
0.5553640055418207
0.6613990508145384
0.6633702241431662
0.654612582640112
1.0768449495448644
1.2377419724971428
1.2552290958843164
0.7825698912894311
0.27163472459480537
0.4334469351639043
0.985826021093755
0.9824679865303041
0.9799617804409765
0.9983007323023357
1.0315854019377784
0.30320165747240907
0.2569354034867456
0.20151727333225244
0.12340249027919914
0.34123122290612584
0.16302307418536052
0.13070287149996798
0.11930526571742692
0.12398680237306624
0.13531400910808264
0.16034087047740878
0.18120010823756302
1.5854076683403844
1.7246569842010826
1.3711200078002976
1.6919918261832065
0.34224496918946834
1.7975411180284544
0.5684652682727335
0.4693504493646016
0.460388650623926
0.44962463626848176
0.4548341657799309
0.4721030521200155
0.6100288658885876
1.0196950028230647
1.0571120965439795
1.0714383027005587
1.0758100835473519
1.01204966626975
1.7667063352443444
1.8162954242697587
1.8631952696825191
1.8339726250850237
1.723931874012291
1.5525665127038843
1.6553420820795481
1.3802930036833598
1.3662554336213317
1.8300654779514058
1.826834161673349
1.812859950754081
1.8170909335059497
1.8563665620796281
1.8774369969821063
0.2127600012104018
0.10822445564843426
0.3069820863205704
0.20823334245921668
0.15307568878033975
0.5790180854858538
0.5576308548698271
1.4222578758696296
1.6072524927648837
1.4790065480209509
1.5421615334904533
2.070907659190566
1.892164477709101
1.7063109924350208
1.6375592826930587
1.619910241496791
1.6499706347589422
1.663374613393811
1.6925831781817762
1.728690849620095
1.6959271329357597
1.6862050244826554
1.8352609276533876
1.8649059665355932
0.8699984683204708
0.5085063995575878
1.9050967827260918
1.7835880268234183
1.1577193752580965
1.19284146003207
1.280326356301042
1.3331960409377428
1.11459995869356
1.4813085968726571
1.1455825794772967
1.0963806852128926
0.229381216313922
0.1366445511049736
0.1186435146713952
0.1538430383975334
0.22737484346153194
0.3407384295739533
0.7230193370495284
0.18515653470434842
0.17925709452787014
0.19185852402178274
0.23565377144188093
0.7118681279330735
0.6651231604247675
0.6747889496399396
0.6259249708033165
0.580672463100933
1.1070320610924098
1.1240756704806405
1.1063703100463782
1.1028010783405409
1.0857504290476079
1.0864614594268691
1.0017291659132488
0.9438118695742553
1.1755162544540534
1.3577864282128285
1.0605475700596576
1.214341329123961
1.6646699558669396
1.5416124209202862
1.5008584123501527
1.3985615564971943
1.6804323025915089
1.5005697762556018
1.4389987693538417
0.935476622355849
0.7925524762182142
0.7737207310246824
1.0779713343041337
0.9291899874183603
0.8477312496113235
0.8911181825561787
0.8097228038917766
0.8804668066766616
0.8837474022878852
0.8470694985652293
1.1576771358296316
1.174868583217489
0.8069420415174279
0.7283063055132047
0.9080069140399553
0.6446581573303888
0.5561595147780745
0.43068025259902304
0.6204338451020187
0.5242687462821572
1.7659671452460854
1.7873332561478796
1.8736143287054174
0.5054510808981554
1.2385797211617986
1.204168666767149
1.185505879287539
1.1524464866038877
1.2093711563738334
1.214179411314867
1.2139963737914778
1.2027818055323258
0.385941657943107
0.34810920984224675
0.3797395018625477
0.11554595658349802
1.413669192080497
1.4301073696605657
1.740926204067292
1.7460019753886444
1.8291291706202903
1.6988627732145627
1.6935898845603536
1.6640574841541376
1.580529014351951
1.7060997952926342
0.9795745856800284
1.0226236031971028
0.9502815420350709
0.9124561338389755
0.8618532985302186
0.7454907129962971
0.8932090342654985
1.1063703100463782
1.2436836521020858
0.4863236597053701
0.4039497342813878
0.3759238734906241
0.33148799473872653
1.32164355725081
1.3824401746306116
0.14675385431908855
0.1570884344851199
0.21126754140441667
0.19851123400604984
0.1924780356394122
0.20351660627994006
0.4661332128960125
0.44535845399285034
0.7887509276557579
0.8601707612961419
0.9027621850048062
0.16842972102966622
0.9769275814957765
1.9740526497056752
1.866306907579884
1.8922771161850278
1.6344898842241589
1.000652060487209
1.0053547168570183
1.0117328705562016
0.7210692834351331
0.6796887233426053
0.6762673296364573
0.7789302605361942
0.1587216923860293
0.26669975136837726
0.14576826765480594
0.11796768381583353
0.1709218473094639
0.19022526612093585
0.1943154507778806
0.2071421572237096
0.28534845903845746
1.3612007820142742
1.4314167919432241
0.6780202659179961
0.7050746198539447
0.716232868875102
0.7300170023662788
0.7296861268432628
1.4598580071139333
1.4499106217089126
1.3187360765910043
1.4067278460016788
1.4275518842380708
1.4434339093433322
1.6825935533482905
1.6965677642676216
1.6492736841891482
1.6731460011802073
1.6953569006514226
1.7020025707309245
1.7057759596743833
1.7182436309781992
1.6557292768404963
1.8018847392562503
1.7998783664038602
1.8473625239104876
1.8507346382834058
1.8518539831379102
1.8281858233844726
1.8094878363811
1.8243913147267812
1.7459667758648822
1.7343790926542495
1.7265999979107753
1.7205527197346078
1.4336273220332356
1.4304804846121089
0.24919854817173642
0.2822368211410929
0.2918392512135678
0.2285364277445012
0.3039619671849003
0.3100303650753003
0.32142797085777886
0.33554297987197146
0.530147066744403
0.5211571083847927
0.5784408132966891
0.5382288773919581
1.4976904552147936
1.551003653850437
1.5568397348842182
1.5548474418413583
1.5457800445295204
1.5355088235061862
1.5316861552295602
1.2714842359410583
1.2587349684473939
1.3793848559711792
1.3599547188743755
0.9927673671725731
1.5009640109213773
1.4607520750165839
0.703927115380443
0.7450542389021193
0.8215287241495607
0.8709277357468213
0.8993830307270604
0.8081177056098646
0.8002822916284584
0.7967623392558508
0.8038022440010659
0.8124331672187258
0.808842815798656
0.9327592191241977
1.2197409360635645
1.0588931924445157
0.8456333579972389
0.92168544895997
0.7961498675429863
0.7767338102556499
1.2754969816458384
1.7106334939485843
0.7592255671542442
0.5899369777456897
0.6161817426359173
0.6370691400150064
0.648044351512837
0.6544647446404852
0.6695019811762633
0.6878972522755546
0.7153599206867464
0.6985486281551345
0.5406013252910639
0.5420585855733492
0.5793771206278044
0.6027355245725213
0.6112678891237215
0.57672307653885
0.6182162751072422
0.6751198251629555
0.6815613380048361
0.4208103061462294
0.257167720343302
0.2520215499745499
0.2713320086907243
0.9446425783341462
0.7532416481208363
0.6262769660405647
1.1507428296555786
1.0560279512132373
1.2765248077386484
1.2639726575778405
1.1507428296555786
1.1374726092108067
1.1292148009446277
1.0980632224469693
1.081540566009971
1.0726350865072278
1.0482488564697634
1.0218421737703791
1.015309142166804
1.0016939663895488
0.9001785399633139
0.9228259135287068
0.9135473190744826
0.8150801714029152
0.8144958593090481
0.8479565265631774
0.8008877234365579
0.8333487242168123
0.86611948080585
0.8404167885810248
0.8150731314982127
0.8280054365151411
1.0494667599906649
0.19243579621094742
0.11192744554443092
1.2683866778531612
1.2335461892689736
1.2041264273386842
0.5123009082152791
1.2560386849299747
1.2680065229969155
1.2633953853887383
1.261149655775027
0.10975211497818171
0.1344199412054946
0.18074251442909028
0.4130593710217527
0.2123728064493912
0.18489605822879474
0.1289217755994318
0.318872485435284
0.40696985341712044
0.7215268772435433
0.7821052575762559
0.7812745488163024
1.8700943763328102
0.27530251496703967
0.5019592881445452
1.720918794781386
2.0014378791645773
1.716906049076606
0.3650331408497855
0.3506224558362769
0.32455368856467337
0.33769015081928583
0.3241735337084278
0.299174831958099
0.174941632919009
0.15973543866930928
0.14804919679221712
0.2219541168076963
0.2148226933007866
0.22531919127591213
0.21628699348777433
0.19994033466933775
0.1887398462196532
0.17210455130666552
0.1860928420354638
0.1904927825012545
0.906310296996411
0.936631166734116
0.928042482944921
1.6926183777055386
1.4045806750543646
1.4350705025059909
1.5383318253090623
1.6084633563810202
1.6409525167802719
1.2526032114142966
0.9040575274779347
0.8380725003008539
0.8240912494768206
0.8151083310219125
0.8123627681712636
0.8168542273987489
0.8283855913713868
0.83482710421333
0.8310818748888684
0.8270902488983207
0.8204797783425184
0.8069420415174279
0.791271213554553
0.7818659008149346
0.8276323215636605
0.7671947393258721
0.8382344181100105
0.8327221726944803
0.8435143466689219
0.8537644479779611
0.881790308768725
0.8108280689368137
0.8956378014025987
0.8227677473846946
0.2760417049652985
0.27060689850199543
0.26878356317293195
0.2639682683271958
0.2573085184382263
0.25498534987228777
0.2533732116856732
0.24707249693865443
0.23634368210691
0.22605134136940602
0.6163507003497763
0.5934991695467621
0.5939708431647022
0.911745103459714
0.9632560864805892
1.8023423330647228
1.8363239532699598
1.8332756745152297
1.2492099773271461
1.344804843862608
1.314146058697122
1.3427843912007504
1.3445795669107539
0.9083307496582684
1.213186784745757
1.2463517760005702
0.927345532375127
0.9310766818901209
0.9756533587369428
0.9758434361650344
1.024918612144044
1.0280443298509383
1.0383789100169072
1.0399488087751194
0.6335984669756285
0.674415834688459
0.6106131779823922
0.6021019331454245
0.6190117843434957
0.5900848157453165
0.5826295566201559
0.496735678823566
0.5873744524184299
0.6181036366313778
0.6370691400150064
0.5118433144068062
0.5095835049836275
0.5265848749433307
0.5246841006621027
0.5414461138605472
0.5400099732924943
0.5560609561116149
0.5548923319239432
0.570492760839356
0.5695282938892432
0.6797520824853651
0.9272751333276649
1.2664999833814004
1.278031347354101
1.2624872376766203
0.23892028724369982
0.2314227886900119
0.2515850758803721
0.23171142478456297
1.8302273957605626
0.12340249027919914
0.1701685775017376
0.1557508525835265
0.14393789242104
0.13905923843260665
0.13949571252678447
0.14985845231175068
0.17734928034187708
0.1796442892888182
0.2027562965674488
0.1709007275952315
0.1989969874334574
0.20174255028410631
0.19575159134593348
0.2232001799475951
0.24816368217416152
0.22357329489907576
0.22022230024032732
1.174277231218857
1.9361709222715855
1.3155329199319452
1.3376875001651656
1.7754850964616309
1.7895297064283613
1.6845365670579835
1.6723012126107866
1.7073740180515304
1.6402837258294751
1.4310647967059134
1.1514045807016102
1.3675366962849929
1.363657708770372
0.3754873993964462
0.3171336289632126
0.9754421615945563
0.8280687956579009
0.8237814936680371
0.8299414103201316
0.8585797428236973
0.2855596561808439
0.1794260522417293
0.34603947784715955
0.32565191370494545
0.3004490547169952
0.30018153833667655
0.2856652547520059
0.2737044565898926
0.25235242549756576
0.21613915548814758
0.20531178198994365
0.1983352363874257
0.2297050519321729
0.44762530332079414
0.4940041957823846
0.46884357622296163
0.6285860547969734
0.6031649587619967
0.1598551170500012
0.8579813509203628
0.7857448883295554
0.8177060558728722
0.9570750501142623
0.9826439841489282
1.0559927516894752
0.9568145736386461
0.9189891654425508
0.9351316670233658
0.7976071278252717
0.796016109352827
0.7959316304958974
0.7472647689921308
1.0886860693263483
1.118359267827489
1.134396170837142
1.846053101627829
1.9965099458429145
1.9984599994573722
1.4493685490435728
1.4146688585543095
1.4809073223021791
1.4219692397750783
1.3999976970652472
1.4455318009574167
1.4350423428869936
1.4214060473955061
1.4473762560006502
1.4166681915019348
1.4627162084405092
1.479520461067356
1.498528203879512
1.3794482151138763
1.4481365657131413
1.4417936115376577
1.4884259405700992
1.4076852730470266
1.4231730634865123
1.4472776973341905
1.417717137308977
1.4028981378202878
1.4714668100387984
1.41559812598066
1.5077575190005061
1.4000117768747145
1.5424149700612422
1.5497857503295358
1.4478620094280579
1.4218002820612192
1.5113830699442758
1.4177452969279742
1.3985826762114266
1.4431382333440161
1.4076148739995644
1.546012361386077
1.4541204847465492
1.4552116699820563
1.4005890490638166
1.5051105148163169
1.4557889421712211
1.4338877985087894
1.4871657976206707
1.3630945163907373
1.4203993410169287
1.443300151153173
1.4804567683984713
1.5433935168208848
1.473747739176272
1.4240952910081603
1.5467233917653382
0.9758082366413345
1.7678960791463112
1.8534238818961226
1.7329570318957264
1.8751208683209326
1.8081643342890366
1.8682217616705794
1.8849837748689613
1.3573147545948885
1.4134227954144107
1.397477411166452
1.4108109907539212
0.9859316196649794
1.221338994440774
1.2866200311432958
1.6189739341656757
0.9429178016716049
1.272265665367782
0.8875489508503414
1.7117176392793265
1.2728570173663514
1.2405931339189538
0.944072346049809
1.2456618653355411
0.9557374682126688
1.2657044741452095
0.15653228201025013
0.22384081127939445
0.17430804149197465
0.21162657654642988
0.14549371136972228
0.1866841940340959
0.07933268657401728
0.16046054885810068
0.17069657035767252
0.1796090897651184
0.1987013114342039
0.10876652831383658
0.0703004887858795
0.18617732089239336
0.13415242482517595
0.20239022152067063
1.7513171034712556
1.74636805043536
1.7735350428472356
1.7345128508444088
1.8067493134352162
1.9830566878748157
0.9005938943432593
0.7705034945560933
1.634377245748232
1.7748867045582963
0.83580565097291
0.6338871030701797
0.6480373116080721
0.624918264424739
0.6663692235646662
0.6626169543354399
0.6476923562755262
1.8192099448342671
1.8195830597858103
1.679193279356375
1.8233071693960392
1.1953054266928704
1.2259360522393588
1.2487171839949733
1.2847755761
1.2391358736366684
1.284571418862441
1.225605176716343
1.27418755936318
1.2619029255827532
1.3277330748554423
1.2433105371506055
0.04278854104152068
0.8955533225456693
0.8846907495237656
0.21509724958580773
1.8264962462455685
1.6863317427680498
0.24776944750844845
0.6696357393664226
0.6387375974396156
0.6253969779473816
0.4979043030112377
0.5128570606901487
0.528661646843183
0.5434806463318721
0.5586446011531071
0.6713323564100292
1.6273725405267165
1.575565881506588
1.5725457623708556
0.39850084800861735
0.31937935857692396
0.3403723545272376
0.2054314603706356
0.2707406566921548
0.14813367564920923
1.8227439770164044
1.7242064302973747
1.730401546473169
1.7738236789417865
1.5316298359915654
1.445116446577409
1.415372849028806
1.502012956728357
1.4955221645533092
1.5009076916833826
1.501506083586717
1.7246921837247824
0.7982759187760684
0.8049004691413381
0.7534176457394605
1.7190461801191552
1.7229392474432437
1.7606942565919392
1.7600254656411427
1.7138788900361084
1.7261846435307673
1.7469171630055274
1.7691703019052072
1.1558256408816334
1.1194574929677608
1.8385837626931387
1.9422393201619228
0.8574040787312607
0.8454784800928471
0.8248937986177766
0.8088146561796588
0.7540371573570274
0.8430145134319843
0.8281180749910682
0.8596427684402695
0.7615487357201827
1.4216454041568276
1.4219340402513787
1.7625739111588725
1.5006120156840665
1.4519733137992974
1.2274144322358764
1.2486045455190466
1.3424816752966693
1.1387890713981677
0.9890010181338791
0.9880576708979989
0.9939711908840072
1.0326554674590531
1.3855588524327411
1.3801803652074327
0.7275459958007134
0.9065989330909622
0.7456315110912215
1.0980702623517342
0.789947711462427
0.7972058532547937
0.4793048746743873
0.48429616713874757
0.4887524268424705
0.7567756803029112
0.8242179677622149
0.9066693321383618
0.9039308091924778
0.8696253533689902
0.9076478788980044
0.8574603979691928
0.9078590760403283
0.8956026018788991
0.9127658896477591
0.8542642812148987
0.9674096302802312
0.9184611725866784
0.9042476049060263
0.8770031735419862
0.9545547642154673
0.8972921790177406
0.9410803865330739
0.8913293796985027
0.9433120363373179
0.8686045671809451
0.9585956695392448
0.8109195876985082
0.9639741567645531
0.8034643285732852
0.8920052105540643
0.8950394094992643
0.897432977112665
0.8014720355304251
0.8881543826584409
0.89995326301146
0.9476838171841112
0.8859016131399645
0.9069438884234454
0.9018188377689257
0.8844795523814417
0.8104619938900355
0.8084978604661102
0.9023045911963333
0.9718940496029513
0.9772443772093249
0.8843598740007497
0.9021074738634768
0.8849653058088491
0.9836577304322707
0.9010233285327347
0.886619683423991
0.8990310354898121
0.8886049365621488
0.8964966697815496
0.8913152998890352
0.8931738347417986
0.9890784570860437
0.9582366343972314
0.9912537876523556
0.9945062236446444
0.9990117626815971
1.0119651874128204
0.7490951442258968
0.9275778492317457
1.0129366942676357
0.9809192074863242
0.8691747994652824
0.8566367291140045
1.0134365275045731
0.8652465326174318
1.0131126918862599
0.9493381947992531
0.8593470924409535
0.9458745616645777
1.0090365870387825
0.9527947880291635
0.9560965033546821
0.9432275574803882
0.8787772295377574
0.8751587184987527
0.9411226259615386
0.9577156814460616
0.8403323097240951
0.8710051746990483
0.940355276344345
0.8489139536085252
0.8899143588447446
0.9582718339209313
0.866816431375644
1.0025317150542048
0.8447463299993533
0.9407424711052932
0.7756003855916781
0.9572932871613512
0.9422278910065758
0.8475834116116342
0.9549349190717128
0.8546514759758468
0.8312297128884952
0.944910094714465
0.9517951215553508
1.0032075459097665
0.9482751691826807
0.8570028041607826
0.8071743583740468
0.9046277597622719
0.8383400166811725
0.8227114281467623
0.9010092487232049
0.8412826968646779
0.827033929660326
0.8995379086314521
0.8229226252890863
0.8301526074624556
0.970450869130196
0.8998054250117707
0.9114564673651631
0.8283011125144571
0.9067678908048212
0.8304482834617716
0.8016832326727489
0.9021637931014715
0.9057611844262438
0.8040838401908521
0.9190666043947153
0.9098584089879534
0.9150116192614703
0.7968679378270128
0.991387545842515
0.8112223036025268
0.8158404811154064
0.9324635431249442
0.9376660327316283
0.9594686177276004
0.9446636980483786
0.8617265802448242
0.9256489153315204
0.9610173967715803
1.0267278676635776
1.0313601249859246
1.0127747764585415
1.0098391361797385
1.0270587431865932
1.0186108574923227
1.0081988383741267
1.0240245442413933
0.9946118222158064
0.9920563367933115
1.018005425684223
0.9957663665940107
1.0056574327610992
0.9945766226921067
0.9876423165180533
1.0648841513827512
0.9862484153784654
1.0062910241881338
0.9326184210293358
1.059041030444205
0.9292533465611199
1.053071191220202
1.0236936687183775
1.0355981476425584
1.0598998988230932
0.9730133944574558
1.0368582905919872
1.0335354555522362
0.8998476644402355
1.0237077485278447
0.9758645558792668
0.9065918931861972
1.0278964918512492
1.03630917802182
1.0166819235920972
1.0410259142011593
0.984988272429099
1.004819684096381
0.9925913695539489
0.9558853062122957
0.8755951925929305
0.9507884151767734
0.9912889871760553
0.865507009093048
0.9933727989806725
0.9295983018936032
0.8507513687469935
0.9993285583951456
0.8825154189575164
0.9875015184231292
0.9813416017710346
0.9070354071851399
0.9543998863110754
0.9104075215581207
0.9374900351130042
0.9251279623804128
0.9258530725691417
0.9893248537521301
0.9567371346864815
1.0067697377108389
0.9677897851364766
0.9365396479724215
0.9759067953077315
0.9149412202140083
0.9215868902935104
1.0219196127226062
0.9406087129151338
0.9521471167925991
1.0295860689901533
0.9867060091869382
1.0152035435956421
1.0001240676313365
1.0263265930930994
1.035401030309702
1.0426028528640738
1.0495653186571245
1.0679957892801157
1.0484811733263197
1.074599219931153
1.076556313450313
1.0776404587810555
1.0592663073960589
1.0856870699049106
1.0816250448669007
1.0887846279928077
1.069255932229482
1.2191566239696974
0.9182288557300596
1.245704104764006
1.001454609628165
1.1866604236657432
0.826921291184399
1.2784396618293439
0.6919663172183296
0.7836821962391706
0.9011359670086617
0.5637344522839268
0.51109004459908
1.4442223786747581
1.4502555770414585
1.828847574430504
1.809741272951951
1.7687901470489615
1.3840875123409884
1.4449545287683145
1.403067095534147
1.3398135513982474
0.6387657570586129
1.5865340530996537
1.6110540413272774
1.1055536810959548
0.998244413064341
1.0025387549589697
1.73927182645215
1.7243894678207639
1.7322952808496321
1.7308872999006393
1.7094507899513827
1.6924775796106142
1.673350158417829
1.6437473589641505
1.5908635945179823
1.557994279262485
1.5399439634956769
1.4912982217061426
1.4678764586187285
1.442448322678987
1.4364432839312844
1.402778459439596
1.336476636549029
1.3397713119697827
1.328444105234704
1.3968438197393553
0.8780873188727283
0.8089765739888153
0.7790992182500532
0.7739671276907686
0.7801763236760929
0.7659979555192031
0.7819433397670992
0.8791644242987678
0.7546637088793592
0.7519533455524101
0.7494752990821424
0.811686937315702
0.814685936737202
0.7347689380693176
0.8021689861001565
0.8171921428264672
0.7888494863222175
0.8186986824419823
0.8197828277727244
0.7920385631718092
0.8201137032957402
0.8205290576757481
0.820866973103529
0.7691799924640299
0.7544877112607351
0.7832175625259954
0.8089272946555855
0.7383100101561577
0.730164840365968
0.8330530482174962
0.7154655192579082
0.9032831379559135
0.8494137868454001
0.7965793017324617
0.865021255665578
0.8762921431627245
0.6881366090369386
0.6775767519190533
0.8008314041985631
0.9151242577373974
0.7945729288800717
0.8075122738018277
0.9213052941037243
0.8105816722707274
0.9773077363520222
0.8000781343908369
0.8048863893318081
0.9354836622606141
0.8793263421079246
0.9451494514758487
0.9302952524633973
0.8111730242692969
0.8619307374824458
0.8174385394925534
0.5494645653653425
0.5533857923084281
0.5179961911541359
1.3564699660254678
1.3448963626243022
1.0973733117819402
1.371246726085692
1.4692773996630817
0.9057963839500062
0.9232483078134172
0.9461561578543638
0.9579831978263803
1.0664399703314333
1.0792877964914949
1.0795834724907483
0.6686853522258398
0.6867145482783531
1.3453046770995454
1.342460555582437
0.6040590266645848
0.5966460069678889
0.734107187023286
0.736402195970227
1.2286956948995378
1.4052353861956937
1.2223105012955893
1.2309555043227165
1.2250771838604706
0.7298410047476546
1.3985474766877268
1.3791947785430876
0.5535477101175849
1.4921359703707986
0.6033127967616234
0.4449923789461347
0.4460835641816418
0.46350732842605546
0.43332725678327494
0.7942068538332935
1.841019569735004
1.8416883606858006
1.8299246798565438
1.8170346142680176
1.8019762580179446
1.7569138277437153
1.7497612845225732
1.7318165673269896
1.7099717429025527
1.6947866683670854
1.6955399381748115
1.607076495146197
1.7507891106153832
1.7556325650801166
1.7579416538365253
1.7582795692643058
1.444567334007304
1.4542964823652358
1.8092343998103113
1.8249545071064162
1.7829755551105537
1.6960256916022192
1.9063287660565233
1.6118213909445336
1.5613945532544007
1.6368200926947998
1.567315113145174
1.6405653220192613
1.6426632136333459
1.645070861056214
1.4467074650498535
1.6864795807676765
1.4505512530407745
1.6839874544878788
1.5811626057790478
1.5665407236231528
1.557360687835388
1.5524538742279574
1.532453504846754
1.633863332701827
1.5273214142874694
1.653032993323077
1.620480473781128
1.6671691220515021
1.6729277641331186
1.622029252825108
1.588413707666587
1.6743709446058739
1.6790032019282835
1.644444309533882
1.6751101346041328
1.458527465117105
1.6576230112169594
1.4598509672091684
1.4642861071987214
1.599311480212253
1.2396075472546086
1.5708280256130165
1.5667800803845364
1.5898991275678698
1.6373480855507347
1.59937483935495
1.5936936362255607
1.6495904799026966
1.6137925642731614
1.5647596277226166
1.6661342560539898
1.6354402713647416
1.6380661558347611
1.623057078917918
1.5893500149977022
1.6684574246198658
1.679298877927537
1.5660056908625153
1.6652894674845689
1.586083499195946
1.6346236424143181
1.6371087287893509
1.5815709202542283
1.5714475372305834
1.6647966741523963
1.6713578653749064
1.6783555306917193
1.6613048813987235
1.6670424037661078
1.6836002597268682
1.6708017129000368
1.6770953877422905
1.6831145062994606
1.7049874903428948
1.6915835117079638
1.6357852266972874
1.6657048218645143
1.6695134103316729
1.6650501107231852
1.5666252024801448
1.6207902295899117
1.088003198566084
1.0867782551404177
1.009578659704185
1.010557206463765
0.89691906406626
0.981151524342943
0.915722649640732
0.9094008151795432
0.9651920602855171
0.9793070692997098
1.8739874436569606
1.9250901122025927
1.8888768421931121
1.2678164455687615
1.2682810792819366
1.2493437355173054
1.2689921096611982
0.4947856252091082
0.5122234692630518
1.731478651899209
1.7216791044938773
1.7140830472737298
1.7132593784185415
1.715941582126493
1.7119499561359452
1.7065081097678774
1.701291540351663
1.704593255677182
1.6992781275945081
1.7022912068254756
1.6985600573104815
1.6939770793213644
1.6987642145481032
1.6933927672274973
1.6817910042073347
1.6635506110124976
1.6566163048384444
1.6378690385018422
1.586301736243035
1.551243010611821
1.554143451366799
1.5018017595860333
1.4802314914466175
1.4475663334287416
1.6020288834439045
1.608505595809485
1.6042182938196838
1.5521018789907093
1.5410140290169516
1.532967417893159
1.4112685845623314
1.4011944808719161
1.40248278344028
1.39693533850105
1.3820952192981284
1.3827921698678598
1.365664081622762
1.3518799481315853
1.3808702758724618
1.7271279907666477
0.5861424690879984
0.6031367991429993
0.6224261381449414
0.55554704306521
0.5793419211041045
0.576321801968372
0.5800951909118309
0.609747269698739
0.5872758937519703
0.6027566442867537
0.6084237676066756
0.6133305812141063
0.5822423618591454
0.6062695567545964
0.5523438864061507
0.6106342976966872
0.6157804680654392
0.6258756914700867
1.4703756248032913
1.420631657873485
1.4640678701515701
1.4582106694035566
1.3906557434683258
1.292568750653004
1.406685606573214
1.2865566720005988
1.2865566720005988
1.294969358171107
1.44186401058512
1.3034946828176048
1.295856386169055
1.2997283337789112
1.2836773509597905
1.3037199597694589
1.3160045935498854
1.2689498702327333
1.318729036686302
1.3068386375715884
1.3284511451394687
1.309584200422237
1.796682249649566
1.799118056691369
1.7960768178414663
1.7974284795525273
1.798491505169037
1.719482654213333
0.21023971531160676
0.22018710071662753
0.22316498042383276
0.22755788098485852
0.23731518896178774
0.2704942600260685
0.23424579049282543
0.22529103165691478
0.28516542151513086
0.28398271751792925
0.2744647663023838
0.27755528448551603
0.29243060321219994
0.2972177384389387
0.30189223518981306
0.30536994813395585
0.3005898528119195
0.27263439106861787
0.2636162730899475
0.2554147840617631
0.30106856633456214
0.310283801646089
0.31916816143460003
0.2979287688182002
0.29366962644733374
0.3163170000127892
0.29358514759040416
0.28291969190135696
0.23317572497155073
0.23903292571962675
0.2413138548570379
0.2502474939787787
0.8818888674351845
0.9732386714093098
0.21775833357952704
0.3228852311400641
1.576368430647544
1.3204749330630758
1.3934013063189747
1.2464292149527347
1.7190391402143903
1.5985793301186966
0.7106502244121722
0.7374652215867368
1.0787386839213273
0.921136336389865
0.9562865807827737
0.6521697356935442
0.6390684729626315
1.7770690750293103
1.33931371816131
1.4711500143253124
1.515325416601594
1.362552443725335
1.3636365890561395
1.3472054513807736
1.3341605078878556
1.0080439604697349
0.5815524511941161
1.6301251432821304
1.598797567165848
1.587505559954469
1.603134148488879
1.5977979006920355
1.6149119091276658
1.620987346922768
1.6049363641036476
1.6151301461747547
0.581475012241889
0.8603537988195311
0.858748700537619
0.43375669097268776
0.37565635711030543
0.33535994234858235
0.3807462082411252
0.37755009148676855
0.21331615368527151
0.21757529605613798
0.14816183526814408
0.06176812423467924
0.8989113571091201
1.6334127787981192
1.6641982822490617
1.460871753397276
0.9645162294299553
0.8896116429406637
0.8780732390632607
0.9273877718035917
0.8978483314926103
1.8979864789334147
1.9284340669565765
1.9117706124245915
1.25144162713139
1.2767008053572726
1.2591644026368694
1.267802365759294
1.2639233782446733
1.2714771960362934
1.0774996606861935
1.0771899048774103
1.0896998156096909
1.0944939907411944
1.0897772545618554
1.060463091202728
1.0764647946886188
1.0761339191656027
0.7729252217884913
0.7755018269252185
0.8097439236060716
0.773185698264045
0.7691659126545
0.8134821130257681
0.8031545727645016
0.7773462819685145
0.7190769903922104
0.7200836967707879
0.7406190989126288
0.7079046615615232
0.7272643996109274
1.584020807105561
1.5691384484741748
1.6875355664794838
1.6887182704766854
1.6884648339058341
1.693259009037338
1.61559477988793
1.5985230108807642
1.5919688595629569
1.617396995502761
1.5887727428086003
1.5901455242339557
1.6906049649483834
1.6985459775010143
1.7133931366087007
1.6451623798179085
1.615383582745606
1.633743654321135
1.637249526884275
1.3456637122415587
0.96460774819165
0.3656948918958172
0.36726479065402945
0.5883459592732451
0.42003591662427076
0.3719181676906089
0.9534494991704302
0.6077127372274143
0.6426306647637038
0.7061024459467545
0.7320726545518986
0.7305027557936864
0.7197809808667068
0.69592978358988
0.6790832915345684
0.6901429818893287
0.683905626285007
0.6755633391618983
0.6656089138521751
0.26153246128539287
0.24410869704091662
0.24869167503009643
0.24812848265046172
0.2519018715939206
0.24052538552561184
0.2418136880939755
0.24011707105036884
0.24501684475303462
0.24315830990033382
0.2441931758978462
0.2329645278292268
0.22274258613912237
0.22429840508786716
0.26597464117958586
0.2619618954748057
0.26536920937154884
0.28049796466902144
1.4656166491955498
1.4493403894245753
1.4181113719746898
1.412859603034776
1.4130637602723974
1.4465385073359318
1.451832515704373
1.4570842846443495
1.4321067026082532
1.4228985072014915
1.6133138507505187
1.623057078917918
1.6198820818777937
0.938454502063117
0.38992624402888976
0.35346657735332276
1.4360772088845686
1.1515312989870046
1.3074088698559254
1.3409188164432222
0.1363981544388873
0.2512119609288914
0.6578298191087011
0.26843156793568373
0.2754785125856638
0.14226239509166577
0.1535896018267447
0.19371705887454607
0.12017117400114263
1.2784044623055817
1.2516669040831816
1.606787859051646
1.6167070848376695
1.9621059313529672
1.4048693111489154
1.3991106690673614
0.884571071143136
0.8701955856533272
0.8425146801951093
0.8566508089235344
0.7375497004436664
0.7381058529185361
0.7355433275912764
0.7410344532925741
0.7407035777695583
0.7461876635660912
1.7288457275244868
1.7325768770394807
1.7307394619009497
1.7265859181012453
1.3930774707006615
1.401870311727478
1.4089594958059226
1.4123879294168358
1.413598793033035
0.14739448565095037
0.37827520167555995
0.5085838385097524
0.18638851803477985
1.423525058723823
1.501836959109733
1.5853302293882197
1.5968052741229255
1.5946792228898434
1.5832041781551378
1.5656466557205646
1.5674840708590332
1.582472028061644
1.5802122186384024
1.5704830702805332
1.4146195792210798
1.4062350526695064
1.425503271957216
1.6159467751252408
1.7609124936390281
1.4152250110291793
1.385572932242271
1.372633587320515
1.361749894584379
1.4300017710894037
1.4255173517666833
1.2821708113442754
1.3799128488271142
0.8018662701961381
1.13124229351125
0.8963065923533955
0.8319196235535242
0.8411066992460539
0.8400647933437765
0.8441690578102512
0.80854713979934
0.46033937129069613
0.4182266611047372
0.3919818962145096
0.2966686258688339
0.35884506457869364
0.27056465907353067
0.43805807277208153
0.3795212648154588
0.34392750642354497
0.32296970999699376
0.27319758344819006
0.25583717834647357
0.24564339627536652
0.5943509980209478
0.3835832898534687
0.46934340945983666
0.3672014315112697
0.31821777429395476
0.48267698904730566
1.895790028652933
0.2724724732594612
0.2791744625768955
0.31710546934421524
0.33804918596129907
0.31776722039030947
0.30037865566953303
0.2883474584599576
0.3088195014591013
0.2980414072941271
0.32789060341389187
0.3078620744137535
0.24867055531580154
0.2723246352598344
0.28272961447326544
0.2745914845877782
0.25785059110362857
0.2654184887047161
0.28110339647712096
0.28910072826768385
0.30652449251216013
0.31526101430098186
0.333621085876511
0.4780236120107262
0.5086964769856793
0.4900548092203016
0.4423101752381829
0.4754822063976988
0.47080066974212187
0.4936451606403713
0.47772089610670765
0.27186704145136165
0.2769850522011789
0.30173031738065637
0.3280384414135811
0.3387320567215632
0.3708340223598042
0.4372977630595903
0.49215974073915114
0.49277925235671816
0.4663021706099341
0.8467456629469784
0.8615435427214352
0.2064381667492131
0.2008625621909857
0.18424838699223042
0.19135165088014278
0.18892992364780725
0.2026295782819919
1.2836703110550254
1.2859371603829692
1.247823116092323
1.249315575898308
1.2611355759655596
1.2663591852864762
1.2711322407037475
0.32173068676185984
0.31286040678287874
0.29593647577534005
0.28831929884096025
0.41310865035492
0.3636885190434272
0.3452510085156709
0.3817317949054703
0.3414072205247499
0.405442194087373
0.3867301272745956
0.3878283524148051
0.3842028014710356
0.3881029086998888
0.3856952612770207
0.3893560117445526
0.4665696869902528
1.7929792597535692
1.7682339945740917
0.37031306940869685
0.36956683950567304
0.3664481617035435
0.36687055598825385
0.38810994860465375
0.386737167179298
0.46992068164893874
0.48521135475563054
0.44826593465265596
0.4686746185090399
0.4364459345854045
0.4755244458261635
0.44540773332608014
0.4527996333085435
0.2663970354642962
0.26247580852121066
0.262109733474495
0.26010336062210493
0.27302862573433095
0.2696424315518827
0.2597584052895591
0.2769850522011789
0.2577449925324666
0.25881505805374133
0.25670308663012675
0.2587376191015142
0.2608214309061314
1.380412682063989
1.3810744331100833
1.3821163390123608
1.3835102401518864
1.3880439388078363
1.3898813539463672
1.395942711932002
0.8220355972912007
0.376142110537713
0.3949949754454772
0.3946640999224613
0.3939671493526673
0.39543144953965503
0.3917003000247235
0.39318571992594364
0.4041890910427717
0.433214618307348
0.4142843144474192
0.4137774413057167
0.41183442759608635
0.41324944844984435
0.4152206217785346
1.5830000209175163
0.413509924925398
0.9312245198897476
0.9128996478379184
0.8545810769284471
0.8490265920844521
0.8796572176309405
0.8372065920172006
0.8353691768786697
0.8329544895510992
0.752586936979507
0.7485601114652595
0.7387183246314006
0.7374511417772694
0.7400699863424615
0.7361628392089058
0.7570079971595302
0.7736221723582853
0.9596164557272896
0.9244662113343186
0.9546885224056266
0.728848378178607
0.7190417908684481
0.705715251185744
0.7082144173703067
0.7070809927063347
0.7181758825847948
0.7346492596886258
0.7416891644339034
0.7379228153952095
0.7163384674463265
0.7284682233223614
0.7205060910554983
0.6958734643519477
0.7133605877390586
0.711382374505666
0.6938882112137901
0.7100377526993077
0.7068979551829457
0.6106061380776898
0.6149849588291857
0.6486920227494013
0.673901921642054
0.7085030534648578
0.7115654120290551
0.7167608617310369
0.7287498195121475
0.6986331070120642
0.662286078812424
0.6404905337211544
0.6380124872508867
0.6451016713293316
0.6814346197194417
0.6767601229686299
0.6918395989328727
0.673782243261362
0.7196049832480828
0.6861231962797836
0.7217662340048645
0.7194993846769209
0.7185560374410405
0.7159090332568511
0.7157682351619268
0.7161483900181723
0.7244061982843515
0.7198724996284015
0.7183378003939516
0.7148600874498088
0.7174155728723036
0.7268138457072196
0.7128255549784214
0.7240049237138735
0.7288765377975419
0.7231390154302203
0.7248215526642969
0.7353602900679498
0.707538586514745
0.7180843638231003
0.747335168039593
0.749264101939756
0.7290314157019335
0.7371554657779534
0.7574374313489429
0.7673988965634937
0.7660965141856001
0.7592748464874739
0.7684971217037032
0.8744476881194914
0.8672317857555895
0.83533397735497
0.8392974437265203
0.8061746919002343
0.8056748586632968
0.44451366542342957
0.44716066960761897
0.45403865654373987
0.48894250427056213
0.47843192648596916
0.5175174776314933
0.46510538680320257
0.5177568343928145
0.5199603245780611
0.5288869237950369
0.5300133085542438
0.5230015634280261
0.5724709740727486
0.5802359890067551
0.6097402297940366
0.6319933686937165
0.612387233978226
0.6164703787304683
0.5972373589664586
0.5674937614178558
0.5672121652280696
0.5751390979711704
0.5800529514833661
0.5879798842265294
0.6039393482839553
0.635541480685259
0.6749367876396289
0.6804208734361618
0.48262770971413843
0.4778687341063344
0.23373891735118543
0.4705331533618032
0.46723143803628464
0.24830448026908583
0.2475371306518296
0.2383711746735325
0.23478786315822772
0.2320493402123438
0.2444888518971622
0.2458334737035206
0.2452069221811887
0.23997627295544452
0.20259437875829212
0.2077827885555089
0.21571676120337463
0.2187368803391072
0.22987400964609456
0.22874058498206015
0.22438288394479677
0.40897622626951047
0.3776345703436981
0.3829356186169044
0.5533505927847283
0.5591162747710472
0.528879883890272
0.5730623260713807
0.7079680207042204
0.6991329402489391
0.6691781455580124
0.6082125704642892
0.6120352387409778
0.5802430289115201
0.5532379543088013
0.6084308075113781
0.6034676746660151
0.664292451664814
0.6414198011475672
0.6335632674518662
0.5859735113741392
0.5784478532014541
0.581186376147338
0.5878883654648348
0.5975259950610096
0.5951605870666689
0.6021441725738892
0.605734523993959
0.5485212181294622
0.5966882463963538
0.6017006585749464
0.592985256500357
0.5776945833937277
0.6170617307290379
0.6219685443364686
0.6207436009108022
0.6034465549517828
0.40427356989970126
0.39700838820263223
0.4108277212175088
0.41945160453040364
0.4484912116045099
0.4276742132728204
0.4209440643363887
0.3679969407475233
0.3334450882578869
0.27063505812093025
0.2778580003895345
0.25513318787197703
0.2591952129099244
0.31916112152983506
0.6942542862605058
0.6967816120640657
0.6906076156025038
0.2893189653147728
0.2892908056958379
0.29993514167059027
0.3136207164953075
0.30323685699610886
0.305940180418293
0.26667863165414485
1.4017787929657832
1.35546325964689
1.3945206511734167
1.3754777088376235
1.3553506211709632
1.3429040695813796
1.3592436884951138
0.6791818502009653
0.669452701843096
0.6834550723813618
0.6751902242104176
0.6391388720100937
0.6618144051944839
0.6557037678756191
0.6572877464432988
0.6472136427528836
0.6479317130369101
0.6981121540608942
0.673092332596333
0.6748452688779343
0.6466715700874813
0.9485004461345347
0.9519922388882074
0.9509925724143949
0.9396724055840184
1.1034980289103349
1.0926636155074285
1.0936069627432463
1.1060323946185975
1.101963329675885
1.092508737603037
1.0421030196271364
1.0264321916642614
1.0017714053417135
1.021947772341541
1.0204834721545533
1.5383388652137648
1.5452309319593531
1.5471035466215841
1.2270835567128606
1.3154836405987156
1.3106190664197495
1.3059868090974025
1.302023342725852
1.287014265809009
1.2861131580016558
1.28932335456548
1.301882544630928
1.2936810556027434
1.2860779584778936
1.2566370768333093
1.2566370768333093
1.2566370768333093
1.2782355045917224
1.224774467956452
1.2094063558975958
1.20044455715692
1.1940171241245068
1.1884485594710443
1.181774729772545
1.855845609128458
1.7597297896418265
1.771732827232467
1.7755414156996256
1.7596453107848968
1.8017861805898532
1.920436735165951
1.9274766399112286
1.7526546853728489
1.6578834876925757
0.5395242198650867
0.564818597614669
0.5616295207650772
0.6605472223403527
0.6401385384839062
0.7114386937435981
0.8062098914239341
0.8036121665729744
0.7918203261246578
0.7965370623039969
0.8094834471304553
0.8022534649570862
0.78582232728172
0.7820489383383237
0.7797820890103173
0.769348950177889
0.7318896170285094
0.7257437801859449
0.7116569307907497
0.7082144173703067
0.7136844233573721
0.7187742744881294
0.7345859005459286
0.7346633394981558
0.7378876158714472
1.122224175532642
0.46373260537790945
0.4390014200078993
0.4102997283615739
0.39489641677901766
0.2428555939962528
0.1591652063849721
0.6925787889311316
0.687636775800001
0.7143602542128713
0.1340186666350166
0.7235121303817009
0.7218155133380944
0.7432942627158156
0.17209751140196308
0.39952163419666226
0.42238020490444167
0.4170650768217679
0.4173325932020866
0.4117217891201594
0.4124257795946559
0.40708249189304735
0.6225387766208682
0.6541761085459342
0.7231390154302203
0.7198795395331664
0.7146840898311847
0.6362806706835177
0.6289098904152867
0.5601793003875569
0.7634987893346404
0.976913501686309
1.18783608775818
1.1994941700162747
1.1895327048017865
1.182070405771861
1.2740678809825505
0.2906283875974313
0.306960966606338
0.3439767857567747
0.31857680943596794
0.35141092516776545
0.35954201514848766
0.36650448094153826
0.2598992033844834
0.27429580858846214
0.26943827431426126
0.247565290270827
0.18333319937534748
0.20915556998086463
0.38403384375711397
0.4002889838138559
0.44532325446915055
0.7397039112957458
0.689460111129002
0.9210448176281706
0.6838141075233124
0.7445896051889441
0.7472577290873659
0.7424424342416297
0.7424917135748595
0.7435265795723719
0.7400347868187616
0.7338959898808995
0.9188483673476264
1.2866341109527635
1.2995664159697544
1.2939485719830621
1.2685063562337906
1.3369553500716718
1.102920756721233
1.3766815325490576
0.7905883427942889
0.9397639243457129
0.9080491534684824
0.8969965030184246
0.288361538269425
0.2858623720848624
0.2903960707408125
0.24493236589610504
1.131770286367185
1.1296723947531004
1.1328825913169245
1.1168034488788066
1.2963773391201627
1.4099873218987327
1.363178995247667
1.3739218898888788
1.3894237601378945
0.6971265673965491
0.7003790033889005
0.25261994187788445
0.0846266949424586
0.2096272435988048
0.19598390820248981
0.20636776770175094
0.1919289230692449
0.22519247299045522
0.23875132952977812
0.22256658852049824
0.23242245516382445
0.24073658266793577
0.46713287936988757
0.500276750910406
0.4833739396170996
0.49199078302529203
0.49746078901229496
0.5062043507058817
0.5093934275554733
0.45070878159922384
0.46002961548191273
0.46627401099093685
0.4697165244113798
0.3438993468046101
1.381672825013418
1.0669398035683084
1.0532471888388262
1.0641027219560273
1.0601392555844145
0.42568896013466273
0.4133691268305362
1.0054532755234777
1.0692770519437769
1.034091608027106
1.013267569790714
1.1556637230724767
1.17320012579288
1.1748967428364865
1.1749460221696537
1.1738618768389115
1.1740519542670032
1.1776845451155376
1.1885893575659063
0.8618532985302186
0.8616139417688973
0.8604805171049255
0.8585445432999974
0.8560876165438996
0.856517050733375
0.8445703323807292
0.826632655089848
0.8609310710086332
0.8538489268348907
0.8377064252540756
0.8459642335202547
0.29969578490926896
1.4010184832532921
1.3994133849713801
1.4063054517169684
0.6735217667858084
0.2290151412671438
1.3445091678632919
1.3314783041799039
1.3294719313275138
1.327521877713056
1.3107105851814442
0.8824027804815895
0.9810107262480187
1.2308851052752543
1.2087094053278016
1.2077590181872186
1.0523742406504704
1.1033924303391105
1.155220209073534
1.200782472584701
1.2630293103420227
1.015816015308444
1.260340066729306
1.2713856772745988
1.3880368989030714
1.2902667018012979
1.2862539560965176
1.13427649245645
1.078393728588844
1.0288820785155943
0.988860220038955
0.9926336089824137
1.009578659704185
1.2509136342754552
1.2716109542264526
1.356667083358324
0.9014316430079152
1.063440970909933
1.1163599348798638
1.1356211142628083
0.2250587148002959
0.30446180042177534
0.28001221124161385
0.25338729149514067
1.5266174238129728
1.4896227243767683
1.4547751958878785
1.4801892520181528
1.497838293214483
1.4916994962766206
1.4878064289525326
1.4852791031489725
1.4817873103953623
1.4782955176416896
1.4744235700318338
1.4535995317954418
1.5280958038094905
1.5328477395125295
1.529644582853408
1.5450408545312617
1.5373391987399523
1.5322493476091326
1.525659996767625
1.6619947920637526
1.689204023904093
0.9583351930636286
1.0126973375063144
