0.6044779347054424
0.8571017196765607
0.7366775992823575
0.9504165136137895
0.46240415942581936
0.5991405775689076
0.7220888231092151
0.8485397092694599
0.9368729698802571
1.3756815629647845
1.295198665143252
1.268634193894807
1.2622071263427943
1.2658654398802445
1.2588379196504604
1.2408021003258325
1.22526816715977
1.2090337058692462
1.0535387012903197
1.2680782191929036
1.1840704417615247
1.1616646612824006
0.8805082546186366
0.8574686629792481
0.9811174366432269
1.0028560474811727
1.1213008979370103
1.3561890899227813
1.1776656131978407
0.6334442166657628
1.2101011772963952
1.2866811327128092
1.40548180697796
1.4734775129989444
1.3327491964974219
0.3762947976226359
0.3427139256385713
0.3404455488550897
0.3918398502828628
0.48003967696526634
0.2781986212499855
0.3704348242666911
0.3351526696952128
0.33273973948917307
0.38457882067878496
0.4487827792339256
0.47447992994781213
0.47188908783751093
0.45035062789294567
0.36302924123926505
0.2967125788173654
0.5670274787971729
0.49628525774916465
0.5972613830772324
1.085685158544548
0.27889914937444704
0.2683801080173098
0.35165399884252396
0.6551383495270506
1.3289018515615458
1.170760407402286
1.1172089241318859
1.0986393690944738
1.263319075745811
1.1153074906518818
1.3856779881017216
0.765199101480839
0.7586163610121037
0.7387569446666231
0.7262586333719107
0.7482085145958213
0.5486803136398899
0.6141074165396921
0.7443834086482742
0.8749596270953468
0.49711921980201984
0.55338385961695
0.5927579879927627
0.6264611744118466
0.6616098950549312
0.6725959551614461
0.6764210611089931
0.6610983983296858
1.2667772383906708
1.0061918956910132
0.9477144765634238
0.41119888939726235
1.231294932926602
1.0400952330026874
1.1057892037584869
1.238511484554812
1.266165666218735
1.350173443650114
1.354943706590581
1.3565560332254687
1.254934977243762
0.7344981784514018
1.0068590653337715
1.0341574231883814
1.046922602339881
1.35349817236579
1.2477184256155518
1.1638885600892244
1.0705737661512054
0.8084539332750212
0.7541685633984564
0.6698716791227513
0.4951621888519834
0.5849854616626493
0.5658265734416302
1.283589913370637
1.3694768852936912
1.3222746331169426
1.3458368409765313
1.3863117992619862
1.3945735833298063
1.1267716890019388
1.0089717691997404
1.1743297649872102
1.2405685909515387
1.1771763554601342
1.4112639438755434
0.13214406710609272
0.8667200820158557
0.9813620655124753
0.8973987660577543
1.084050592921331
0.9245192120073126
0.7175409500488774
1.2122472396456476
1.1718612373119284
1.3058956184038606
1.3429235335394105
1.2836788693231627
1.2558134172724849
1.2253904815939993
1.2292155875423365
1.2453166149044668
1.2533560090913674
1.1972248032048307
0.381899022615958
1.331070152898337
0.500399470542618
0.7847249330053356
0.9059496569699004
0.8643961077631319
0.7636423723159835
0.6705722072464227
0.7196870123973398
0.7789761545894555
0.7298391104509995
0.7229783826313124
0.5213374778094121
0.78107773896205
0.5890218379977414
0.5452332704891947
0.5127087504381145
0.4901028190664003
0.3459719373908406
0.929534103817028
0.8622834038963729
0.8414899500513469
0.7507104007535967
0.929111563043518
0.8725689358784262
0.8465826783194235
0.7914299879083001
0.7307397894680515
0.8405781515409205
0.7208879177528824
0.6053341357458365
0.5720090121243946
0.5145768254364153
0.48235253172382575
0.3643524610298269
0.745139534242768
0.5122083732070335
0.4273110362535571
0.34937450256487784
0.3082434941316192
0.4754695649165998
0.4373630588605265
0.43573961273147416
0.7169738558528095
0.850085318940151
0.7494427784338573
0.2492990562546521
0.8003144636414303
0.9001897590598558
0.8784733872102388
1.0585980710759029
1.1021197707276624
1.1280059528399748
1.0274190098029234
0.9202159678162234
1.2329183790556544
0.08188395407045548
3.335848170336091e-05
0.15865294088450543
0.31826215825609516
0.1398053984961415
0.29505577420660967
0.3408124921585672
0.31099000915785285
0.35018622562940405
0.43416064457828957
0.25054443958606254
0.1971152707498917
1.2842459635192307
1.3214184320765485
1.042174578386953
0.15392715591990638
0.10285531981974295
1.2998577331436543
1.259805315630919
1.15258003465589
1.1345998128020847
1.151345770817854
1.154714977510978
1.1736959538277356
0.28272425532199413
0.23324250686838965
0.21708588203622703
0.3476621004840898
1.2578927626575405
1.2793756251320736
0.6284849223260798
0.5324569718435305
0.8067081727117397
1.029209248342863
1.0398839626159326
1.1116158186327283
1.2660099933020124
1.0429640624631502
1.201883871205233
0.9488931429314275
0.9880004034504528
0.9429775721046602
0.9811063171490624
0.8420570442474148
0.7270592369422724
0.6559500725915768
1.2800205557857127
1.046922602339881
1.140470905652194
1.168692181512185
1.2135926984237484
1.0042015062592733
1.215271742022833
0.3616281849911321
0.35804770791204327
0.5493586027760224
0.5494475587285482
0.5095952921084034
0.5054921988099046
0.4693316042097032
0.448627106317203
1.396252626928891
1.4309009703408948
1.3111884975645276
1.2822110961108328
0.71769662296481
1.251020915343689
1.0623119820833853
1.073931853349375
1.170171074218679
0.7336864553868756
0.7343202665471403
0.7362328195205188
0.482096783361203
0.36120564421762225
0.35372222473262505
0.3507088418496041
0.4109764995163429
0.46409432251906857
0.5695516039432772
0.6414280133826311
0.6712949743592133
0.6404494979072178
0.6687708492131089
0.6666470258529754
0.5685286104919961
1.2089447499167205
1.247484916240468
0.748864564743625
0.7837019395540545
0.7906071453496094
0.8093101343154153
0.8216750116825242
1.2784415876333182
1.266832835860703
1.3467597589811222
1.2903394462502593
1.2927968544313768
1.295365457553349
1.026195865459842
1.0347022783961204
1.0061918956910132
1.0138977050569298
1.0286643931351238
1.029876417984831
1.0277303556363686
1.0049798708413062
1.0030228398912697
0.7940208300186012
0.7981016843287712
0.8160374282067087
0.8182390880252034
0.816615641896151
0.8257225075109907
0.8022270166155989
0.8234318917399702
0.7678566605553371
0.7653992523734295
0.768234723352189
0.7748285833142987
0.8803192232202106
0.8564567890221314
0.7656994787119201
0.8057407767304909
0.8263563186704653
0.8783955507526676
0.8202517164460623
0.8212747098965533
0.832994656609233
0.8484285143293953
0.79394299356024
0.7825343926802153
0.7345982538973019
0.8075532542579693
1.3271338520099354
1.0731646082615065
1.0783129339996154
1.0904220630033117
1.0988728784695576
1.0982724257909962
1.0950032945453525
1.0572859707802957
1.090622213895902
1.1987592933813573
1.2138262077980422
0.7371668570200642
1.319150055293067
1.3165925716652593
0.33480796538006424
0.3251673640516501
0.32812514946542876
0.34121279394374804
0.3270687975316542
0.3015717977103581
0.3067090039543025
0.3160382594492715
0.35460066476134805
0.3714466982238077
0.38104282157556396
0.368866975607671
0.4750136656613866
0.6464206662040174
0.6635002090407709
0.6046892050921974
0.32474482327893034
0.28344702243399456
1.3484944000502392
0.6166982586492032
0.8610157815766335
1.3961191930004975
1.2715030233552698
1.2695459924052335
1.2724148218664864
1.2747721546017035
1.2745164062390808
1.273904834067145
1.2569031276879628
1.299279519453422
1.335006453786739
1.3260886195711152
1.307018687301832
1.290306087767766
1.3389872326510086
1.3855223151857892
1.3279900530511195
1.2975782368667983
1.3092203471203268
1.3592135922999669
1.09171192431059
1.0958817345740755
1.0803478014080132
1.4691631493136905
1.3377307298254337
1.3536538452825126
1.1472426775193552
1.3555775177508456
1.124636746146851
1.1225796397509142
0.9167022077013314
0.9329922664618876
0.9431332450213827
0.851297343789858
0.8648408875241806
0.8731916275445264
0.787226819163111
0.8120121713657811
0.7374337248768514
0.7889169822563602
0.7374782028527193
0.7482307535841503
0.7439163898988965
1.260705994647971
1.27473879611921
0.509228348805716
0.5588768896702075
0.45338624976429553
0.42617684786142124
0.5210928489401637
0.5433874344800129
0.5328683931228758
0.5626908761235901
0.8662197047847747
0.34856277950035164
0.9225621810572762
0.9272879660218752
0.962080862856437
0.17091774280492414
1.3091425106619654
1.332804793967454
1.3237201673417336
0.459379657048634
0.6142074919855923
0.5648702969545459
0.5287319413418835
0.47077713843449415
0.43015762672569097
0.5377832094866909
0.6674809879050405
0.5360152099350804
0.48247484615884495
0.3376434363588237
0.3312386077951399
0.33916680704118585
0.58633092044154
0.9034366513179605
0.8709232507610448
1.0140088999977845
0.5476573201893988
1.0012881988221527
0.4629267756460195
0.46535082534543354
0.4453357360832304
0.4657511271306144
0.4664516552550759
0.4646614167151365
0.7086008768449248
0.7525339977752395
0.7764186709616477
0.5446550567997523
0.5030570296163259
0.5985957223611686
0.6843826188375326
0.4535752811627215
0.42381951512620397
0.4126777821037566
0.6674031514466793
0.4075516953539767
0.37112423289698815
0.3835780662150427
0.3762280806584391
0.40561690339147916
1.2463173693674188
1.2852467179821827
1.300491544303129
1.228136996621023
1.1653229748198508
1.0827607316132628
1.0520820475721544
1.05886493893269
1.0671378424946747
1.0683276283560528
1.0608330893768911
1.0553178203360947
1.0493800105217885
1.0600436053006939
1.0442205652895153
1.0335347315222811
1.0244723438840992
1.0179674398737253
0.9864881522622552
0.971054294542093
0.9386632084194064
0.9833746939325441
0.9530963116766166
1.0263848968582678
1.0255286958170837
1.0259067586147257
1.0122742589278775
1.028264091349943
1.0473117846308975
0.942543911837776
1.27934226664958
1.2732043059426834
1.2672442571400484
1.2611841328915132
1.253278172633006
1.24430474094656
1.232128894979457
1.2289709586730881
1.2323512848595866
1.2322512094136864
1.3639727357462692
1.36845389184241
1.3904704900313076
0.38207693452100955
0.2034422628560043
0.7991024387917233
0.8138802463640818
0.8216861311758986
1.277274040759479
1.2534227260555642
1.2435374958586918
1.2481409663890617
1.2333742783108677
0.3630848387100875
0.9464579737378489
0.9232849481700667
0.4063396705042696
0.4028259103893776
0.4063285510101052
0.4129112914788405
0.41456809608959627
0.4236416032219425
0.4584345000557142
0.46339379439539713
0.4876898888603606
0.5374941026415747
0.4411214478438768
0.43413840559075073
0.4136785365667088
0.42963501050628095
0.44720381108074103
0.4989761753061561
0.44134383772479624
0.4537309540794441
0.442811610937126
0.4892910960018741
0.4849211348457979
0.48035102279792147
0.4767816652129971
0.47153326402819795
0.46851988114517706
0.4629601341277228
0.46050272594660535
0.4546761110723639
0.4526078851814727
0.3943973339106705
0.3624843860315261
1.0998069159683128
1.064891704699522
1.108168775482033
1.2707135392790725
1.2765957516233464
1.300324751893032
1.23552034065933
0.8116674670514227
0.6095039460093222
0.9019244001297628
0.9124434414861099
0.9367951334218958
0.9582557569080998
0.9467915585588329
0.9456684896616516
0.9840974610445444
0.982685285302247
0.964382598121622
0.9926705909450196
1.0253841423953158
1.0232603190343923
1.0331233102429358
1.0047686004545513
1.0538500471229748
1.0670377670479845
1.0686945716595302
1.3155584587206037
0.872113036623213
1.3394876098828798
1.328857373585678
1.0297985815264696
1.0006655071560524
0.3623843105856259
0.360416160141425
0.365375454481108
0.3579253934778141
0.2516452694957049
1.1493887398678175
0.6056566010734461
0.6031658344090451
0.379786318749199
0.43421624204832193
0.7158507869556282
0.44324527120480034
0.45063973473727176
0.4545093186614768
0.4182041706387174
0.8628838565741441
1.272336985408125
0.9524958589988453
0.9560096191137373
0.9395194094605906
0.9210388103749141
0.9106198444644671
0.9298120911679796
0.9617806365171563
0.9406424783577719
0.9500718092986411
0.955553719857734
0.9252753376018065
0.9352940017270726
0.9983860108791964
1.034479888515201
0.9411873335655109
0.9591453164309873
0.8832992476215282
0.24610776146657964
0.29784676720871117
0.2822238780909131
0.1930677749214252
0.3597489904994569
0.34282512057863596
0.3641300711489075
0.3537555832143284
0.3649084357317303
0.33952263085049883
0.3230101822090232
0.33106069589008835
0.293710315428509
0.28532621692645976
0.3341963932081285
0.258483758327063
1.2899836224409464
0.555162978662725
0.5521940737547819
0.286660556210396
0.2881728073993837
0.41662520248632295
0.342469296769323
0.36950078676793574
0.3818211861575967
0.3042071177965271
0.32829194187552574
0.4147571274880222
0.4155132530825161
0.381899022615958
0.4348278142202577
0.31343629784559596
0.38363366368586516
0.2794996020522183
0.29155313358588214
0.38209917350854844
0.42128427048672523
0.3824327583295325
0.2687248123324584
0.31562683816992615
0.3670878565618961
0.31719468682894625
0.29506689370077416
0.3031396463693782
0.34497118292709833
0.42844522464490287
0.33040464574228473
0.27537426976539053
0.33480796538006424
0.41832648507294656
0.3825884312462551
0.3335292235661604
0.3279361180662127
0.38286641859720677
0.3852126318382596
0.32188711331184194
0.32166472343092256
0.38305544999563274
0.38221036844940315
0.3215090505142
0.3096445503797522
0.3128803231436925
0.3862245057953762
0.32268771688220366
0.24807591191078057
0.42477579161328827
0.29600093119952947
0.38201021755681275
0.30365114309541374
0.3777069733649334
1.191653936693212
0.4434231831090618
0.47909451997234653
0.4281672372939511
0.4874563794860668
0.46029145555985046
0.4848877763640946
0.5492474078359578
1.264553339583847
1.283300806526311
1.2642308742570274
1.2746387206733099
0.3713688617654464
1.1246701046293444
1.0418854715418369
0.5620570649641154
0.37061273617095253
1.0839393979804763
0.3799419916659216
0.34490446596290153
1.0555735686987175
1.125470708199706
0.37876332529870793
1.110870812532399
0.37844085997109833
1.068472181778611
0.8069639210743624
0.6442746038547649
0.7735164830186915
0.6346228830329763
0.8260672118261393
0.7025963500664218
0.888825636156489
0.7744949984933146
0.8042841230123257
0.4629601341277228
0.6379253727611135
0.8744036523942335
0.9122766490752229
0.7443166916840774
0.8204741063261916
0.6938119497791918
0.6182994657907167
0.6302640413718548
0.6265056523877144
0.9882116738372078
0.8519978719143196
0.5756562061676803
1.4490368651106327
1.3657963327687022
1.3072299576885869
1.2324735992938156
1.0354361650022852
0.9751685073347564
0.9505165890604799
0.9644826735675222
0.9725999042127841
0.9769809848622346
0.9665508994584133
1.278007927365644
0.8029275447400605
1.0241498785572798
0.8045065128924549
0.9702648104658957
0.9174027358257929
0.8763273248617764
0.896753835403325
0.8902155729112475
0.9137221833000138
0.9025137333133697
0.8457264772790294
0.8758491866182343
0.852531607627894
0.8933067922526298
0.9214613511484239
0.6163869128165481
0.6028433690822256
1.2416583013670166
0.8059854055997393
1.0286977516176175
0.7623858694896185
0.5412413721307605
0.5055922742565948
0.5179460321287492
0.462037216123132
0.4540645389004281
0.44499103176808186
0.4381080649608559
0.4304022555949393
0.3979555720022204
1.3131788869970575
1.2766291101050498
1.2726038532649122
0.466596208676844
0.4756919547975192
0.5211929243868539
0.5288653752702771
0.5883991463316411
0.6764210611089931
0.7009506649490405
0.7620856431511279
0.7660108245453653
0.7821563298833634
0.29614548462208756
0.32481154024312714
0.3059195198781053
0.3069981107994187
0.3122798704659212
0.31614945439012626
0.3196965729867216
0.7579491913701356
0.3106897828185722
0.3025280741974424
0.47521381655397704
0.30211665291809703
0.30450734413580777
0.3142702598984511
0.3179508124234401
0.3662650140032054
0.36934511385121316
0.3741042572983057
0.37949721190487284
0.40927521692892926
0.4336157893705506
0.8140359192808044
0.8613271274092886
0.7567149275320997
0.7662220949321202
0.7824899147043475
0.7947102386481082
0.8529763873897328
0.73422019110045
0.7458845403430975
0.7695134651660929
0.8470385775746366
0.3307493500574333
0.333473626095338
0.5397958379067597
0.4937722520980149
0.6202453772465887
0.34591633992001813
0.37477142694027377
0.5695404844491126
0.8162486985934636
0.7443834086482742
0.7501655455458578
0.7560143994084282
0.8041729280714709
1.2049750905466152
1.2067542095923902
0.7101576060097804
0.3874031721633799
0.49475076757263803
0.5786584695573268
0.5809713243166762
0.8032055320910122
0.8351963164285179
0.8420570442474148
0.8470496970688012
0.856067606731115
0.44770418831261216
0.3970104150093006
0.39288508272247286
0.39834475429323685
0.39957901813127283
0.4071069155921379
0.4011468667902929
0.4080854310675512
0.4082188649959448
0.41128784534978813
0.4117993420750336
0.4117437446050013
0.42126203149839625
0.42381951512620397
0.4153909386482869
0.428567539079132
0.42029463551714746
0.42705528789014424
0.4210952390875092
0.42932366467362587
0.44220003876519026
0.44669231435549556
0.4517628036352431
0.45232989783052097
0.4511845899450107
0.45122906792166867
0.4521075079503917
0.45425357029885405
0.452685721639834
0.45404229991209916
0.4563996326473164
0.45492073994082216
0.4586346509483046
0.45718911672430373
0.4581120347288946
0.4601246631489634
0.46168139231381894
0.4602692165715215
0.4678193530207155
0.46967630852485176
0.46149236091539303
0.4620038576406385
0.4636384232638554
0.4703990756368522
0.4647614921618268
0.46621814587999205
0.4670854664145506
0.46784159200904446
0.4685532396276705
0.46893130242452236
0.4691425728112773
0.47263409393784034
0.47637024393365174
0.4749358292030253
0.4829974623782549
0.48871288231164167
0.4987537854252367
0.4977419114681201
0.5021674700934384
0.5005329044710117
0.5031571050630163
0.5070266889864311
0.5030681491104905
0.5069599720222343
0.5131646496941178
0.5154552654651383
0.5197140316803597
0.5232945087594485
0.5204034403106568
0.5229720434326289
0.5204145598040312
0.5229164459618065
0.5218044965587897
0.5295436644064098
0.5270862562252923
0.5250291498285655
0.5255406465546012
0.5292767965496225
0.5296437398531
0.5281537276524412
0.5318676386599237
0.5330129465454339
0.5292211990795902
0.5336245187173697
0.5297660542873291
0.5348143045787478
0.5313450224405136
0.5285095514617543
0.532801676158679
0.5342027324076021
0.5384837376103624
0.5356927446074707
0.538594932551217
0.5366823795770485
0.5365155871661614
0.5373161907365231
0.5306000163401843
0.5376052975816393
0.5414971204941733
0.5506818225665843
0.5511154828334685
0.5460894715303788
0.5438655727235551
0.5547070794067218
0.5495031561985806
0.5499924139362872
0.5580540471115168
0.5532726646760954
0.5529724383376048
0.5556522363996416
0.562902146510345
0.5592327134787304
0.5601667509774858
0.5632134923430001
0.5630578194270676
0.5608005621377505
0.5671164347496986
0.5703633270078033
0.5688510758188157
0.5694848869790804
0.571920056172659
0.57189781718433
0.5744997787880055
0.5802707961922147
0.5788586204499172
0.5852745685077655
0.5855747948470462
0.5916682775780748
0.6024541867912092
0.5991628165572366
0.6438409435878807
0.598484527421104
0.6981151939702811
0.5314117394047104
0.5378054484742297
0.540563082994628
0.5394400140974467
0.5414748815058443
0.5428536987664385
0.5488471060507769
0.5457002892385724
0.5603780213642406
0.565871051417498
0.5668940448687791
0.5721313265594139
0.5777133125644069
0.5806043810131988
0.5889995990094125
0.5856859897871108
0.5963384650718515
0.598818112242088
0.5947928554011604
0.5948039748953249
0.5958158488524415
0.5967387668578225
0.6027655326238643
0.6031769539032096
0.6174766232320261
0.6145521963007409
0.6110940336558811
0.6178546860288779
0.6219466598340024
0.6236145839389227
0.6216019555188539
0.6301639659251645
0.6288407461353928
0.6287962681587349
0.6314538272332328
0.6341002668135663
0.6354902035675348
0.6376473854101617
0.6399824791578401
0.6371136496965872
0.6411055480550214
0.6411611455258438
0.6453754337644073
0.6483554581657248
0.6586521096419427
0.6579849399999745
0.6593637572597786
0.66822599400537
0.6702497419196032
0.6774551740544388
0.6822587954773991
0.6793788465219818
0.6898089319265932
0.7056875694078041
0.7164734786217285
0.7243460803977421
0.40750721737731876
0.3890043793041033
0.3899050583211553
0.3933521014718505
0.3936078498344733
0.39558711977283867
0.3988451315251079
0.4016583635155384
0.40300382229363907
0.40786304118663175
0.4100647010059166
0.4116547886524755
0.4263881182481762
0.42785589146050595
0.4327151103542888
0.43424960053081535
0.4363623043975744
0.4481823265561543
0.4710440062912814
0.4710440062912814
0.48794563722377343
0.49644093066588724
0.5004105900359924
0.5125085995455241
0.5192803714126853
0.5208593395658699
0.5417528688567961
0.5548738718176088
0.5604113798467341
0.5478129931053314
0.2384353105823664
0.1341455760327871
0.194390994711987
0.261808487042739
0.29908103104674716
0.41487944192225135
0.16142169489906807
0.21694132861366894
0.5847297133000265
0.739179485440133
0.8415455475221693
0.8826876754495925
1.2747165571316712
1.2817218383731264
1.2919184144026539
1.3053396437027474
1.3362295981306105
1.2215764951406167
1.2652316287199796
1.2976004758543371
1.3341836112280483
1.0052244997105546
0.797645785073558
0.8115340331230291
0.6483665776598894
0.7209768737054082
0.7009061869731726
0.13760373867764678
0.144208718133921
0.1395607696276832
0.1416289955177843
0.14815613851569723
0.15409394833079343
0.15997616067506723
0.1693387746517396
0.18758586436233227
0.1999841002111446
0.2068893060066995
0.22379093693919153
0.2317413751735664
0.23981412784296052
0.24161548587627438
0.25073347098448845
0.26715696367343833
0.2674015925426867
0.269214070070165
0.25226796116180517
0.07299947833653518
0.14974622616304625
0.2838918021958333
0.284002997135898
0.2847924812128853
0.28713869445393814
0.28779474460174176
0.28881773805302285
0.2921535862636534
0.29374367391021233
0.2948667428081837
0.30191650202550663
0.30282830053672305
0.30374009904714944
0.30458518059416906
0.30467413654590475
0.3051522747894469
0.3069202743410574
0.30975574531981687
0.3129359206137248
0.3131805494829732
0.3174393156981946
0.3225320439654811
0.3241221316128301
0.3242889240229271
0.32445571643381416
0.3261236405387344
0.3261903575029312
0.3277915646444447
0.3308827839858269
0.3310940543725818
0.3344966195466191
0.33496363829599674
0.335964392759739
0.33988957415397636
0.3408124921585672
0.34094592608696084
0.3450156609037563
0.34831815063189336
0.35017510613523956
0.3605051160939508
0.36133907814601585
0.36636508944989565
0.3666875547767152
0.3670322590918637
0.3672880074544865
0.3742821692025672
0.3777180928590979
0.38038677142776034
0.38221036844940315
0.3834557517808136
0.3858686819868533
0.3861355498436405
0.39743295578202037
0.41330047376985685
0.4217290502477739
0.4279893253896897
0.4171589381998974
0.42976844443467455
0.5502592817930744
0.5769015894998808
1.1559158828665206
0.9467804390646685
0.9473364137665718
0.9851315739899901
0.9871442024100588
1.022593149392424
1.0665040313344099
1.0857629950021193
1.17831054385227
1.1958015079683688
1.2100900578030207
1.2333186808408352
1.2521328647474959
1.2676223199376904
1.2785639020675472
1.2850799255712957
1.2875373337532032
1.2822444545925362
1.29063967258875
1.2928079739255414
1.295699042374333
1.3020593929621491
1.3022817828430684
1.3112329755411856
1.3146577797035517
1.3160810749400138
1.3178490744916243
1.336407510034872
1.3448916839836114
1.357723580099308
1.3787950212944957
1.4025240215641812
0.8136356174948335
0.8144362210659852
0.8265453500696814
0.8349183290775661
0.8523981736995004
0.9322139018798549
0.9413763649639367
0.975135148853053
1.0208140303466493
1.0451546027882705
1.0509256201924797
1.2169841441044111
1.1257375760564932
1.2583264229244246
1.264886924404831
1.2687565083290362
1.2705356273748112
1.2819887062299136
1.289972502946782
1.2953543380591845
1.309275944591149
1.3387759622642539
1.3851553718823115
1.4042253041515949
0.20748975868447078
0.22223420777433592
0.22773835732096775
0.2361558143055104
0.24524044093202113
0.25522574657479374
0.2592398839207668
0.26785749179789986
0.26784637230373537
0.26969220831370716
0.2748738925335194
0.278543325565134
0.2801000547299896
0.2802557276467122
0.2847702422245563
0.28712757495977365
0.2893625932607618
0.28990744846850075
0.29070805203886246
0.291953435371063
0.29600093119952947
0.2976910942927787
0.2994257353618957
0.29970372271284745
0.30027081690891533
0.3009824645267513
0.30160515619285155
0.30211665291809703
0.30277270306669074
0.30600847583063107
0.30725385916204145
0.3472062012280865
0.3482403141735321
0.34985264080842
0.3506310053912428
0.3506310053912428
0.3511647411048173
0.3514204894674401
0.352510199882918
0.3530105771147891
0.35372222473262505
0.3548341741364319
0.35574597264685826
0.35715814838915577
0.35758068916266555
0.298791924201631
0.35716926788332026
0.3603716821655572
0.3615392290386063
0.3616837824611644
0.3619061723420838
0.363073719215923
0.3633628260602491
0.36486395775507235
0.36494179421343365
0.36509746713015623
0.3651753035885175
0.36627613349736987
0.36739920239534124
0.36761047278209613
0.36855562977501594
0.3682331644474063
0.3687335416792774
0.3698343715889198
0.3709352014977721
0.3743822446484673
0.37473806845778035
0.37481590491614164
0.37731779107391705
0.37789600476335933
0.3815876767833029
0.38767004002016714
0.40230329416917754
0.4873785430277055
0.5223382322723642
0.6595416691648301
0.7292275382790637
0.7324521915488396
0.7459512573072943
0.7503656964384482
0.7535903497090141
0.763297668000835
0.7689574904641894
1.3000356450479158
1.3257216762676378
1.395730010709481
1.0407735221388201
1.0953257598721722
1.1077351152143589
1.1162971256214596
0.8574019460150513
0.8818092354208694
0.22009926491924794
0.230473752853827
0.28013341321169294
0.3002263389322574
0.3011714959251772
0.3097446258256524
0.34375915807739127
0.36468604585081094
0.3649306747192692
0.3735371631022378
0.37404865982748325
0.37677293586617805
0.3942861389706058
0.3957094342070678
0.4117771030867046
0.4370961910037393
0.47520269705981255
0.4956959245655579
0.5295659033947386
0.6177323715946488
0.6693935408792091
0.6704498928121936
0.7501321870641544
0.7782867459591584
0.8859456872018617
0.9746792495970497
0.9917254339520998
1.0009212555186753
1.0741320042419653
1.0829497630116887
1.096104124454995
1.2036741097443824
1.2078772784895715
1.2106126740224308
1.211090812265973
1.213892924762239
1.216861829669392
1.2197751371065126
1.2241895762384567
1.2628742959847623
0.24883203750448435
0.9157014532383793
1.0033008272422215
1.028619915159256
0.9194820812100585
0.9527071293848101
0.9036256827163864
0.9617695170229918
0.9396750823765231
0.9829187946773309
0.9232515896875733
0.9300567200364379
1.0168999684465763
0.25501447618803885
0.2441729695040821
0.1346459532638681
0.2548032058012839
0.24009211519391224
0.26417693927212077
0.8935291821335491
0.9035256072704863
0.9047265126260289
0.9152010760065081
0.9167689246655282
0.9176473646942511
0.9259202682562357
0.9264762429573491
0.9321138264331645
0.9406424783577719
0.9460243134701746
0.9480591808785723
0.9610133914292881
0.9648940948468675
0.9750795513830206
0.9754131362040047
0.9856208317276967
0.9869218125291395
0.9878892085103882
0.994672099871714
0.9959730806739467
0.9969960741244378
1.0257510856980032
1.0268963935835134
1.027052066500236
1.0276969971538752
1.0282084938799108
1.002533582153563
0.8036169533703575
0.8077756441388887
0.8056518207787552
0.8018155953362536
0.7993359481668071
0.8312266570576226
0.7953329303142085
0.7720264708180327
0.8315713613727711
0.8268566959023365
0.8355632597312053
0.8409006168677401
0.8615717562777468
0.85428848768534
0.8573574680391834
0.8596480838102039
0.8669313524026107
0.8654302207077874
0.8705340684700285
0.8905380382380671
0.8710122067135706
0.8446812448394193
0.8305594874156544
0.8754044068571857
0.8814978895882144
0.8350295240176308
0.8515753311408097
0.8446590058518805
0.7939318740660755
0.7816559526514923
0.779465412327162
0.7708366849558645
0.83054836792149
0.21862037221275366
0.3247114647964369
0.9364281901184183
0.9581668009563641
1.1794113737611223
1.1963574826702723
1.285202240006315
0.24769784911313858
0.5965163769769031
0.45971324186961804
0.5163003470113678
1.1130947113392227
0.7750176147135147
0.8353964673211083
0.7697358550470123
0.7805662422368045
0.9066390656001975
0.9836860397651991
0.629863739586674
0.6516134699179941
0.5052586894356107
0.5230276409026613
1.2303608954278467
1.2334743537575579
0.6916770069241038
1.1150072643133913
0.8595368888701392
0.8143250261251306
0.8343734738698272
0.8070528770268882
0.8776727836398771
0.8508414445346448
0.8171604971038899
0.8447590812977807
0.8274237900984044
0.2631428263274653
0.34738411313313805
0.35579045062272613
0.45792300333046865
0.4710662452788203
0.47588098619594515
0.48048445672631507
0.48969139778705495
0.5779468219394909
0.7104467128548966
0.7974233951926385
0.9063610782492457
1.4482918590103033
0.3856462921059339
0.393340981977686
0.33106069589008835
0.6079472168444666
0.3919510452237175
0.3945641263215576
0.41573564296343546
0.4372629834138363
1.279575776024664
1.2949540362740037
1.0604105486033812
1.1046216568854377
1.1052554680449125
1.113150308809255
1.1148071134208009
1.1184876659457899
1.1189991626718254
1.1530581728994322
1.162854447143779
1.1665794776454257
1.1722170611212412
1.173773790286097
1.1762534374555433
1.185504856492151
1.1933329802922967
1.2572033540272434
1.2589046366146572
1.2623961577412202
1.2662657416654253
1.2675333639851647
1.2678891877944776
1.2711249605584178
1.2724148218664864
1.273215425436848
1.2776409840621663
1.283778944769853
1.2942868666320355
1.2969110672240403
0.23010680955034954
0.234176544367145
0.26707912721586713
0.26868033435659056
0.27037049744983976
0.2768865209535882
0.27828757720251124
0.28292440621458453
0.284714644754524
0.2848591981770821
0.28558196528908253
0.2906079765929623
0.29323217718496686
0.29452203849303515
0.2969349686982848
0.30211665291809703
0.35643538127715535
0.35924861326758584
0.36378536683375895
0.5796703435144435
0.7025963500664218
0.25760531829834
0.22155591863820334
0.3323283182098277
0.34121279394374804
0.37628367812847147
1.3308144045357144
0.24809815089831944
1.0003319223350684
1.0614113030671235
1.0863968061623839
1.087942415833075
1.0985392936477834
1.118921326213464
1.130763587360373
1.1506452426941824
1.157939630780754
1.1661013394018835
1.1759198526345593
1.0395281388066195
1.0458884893944356
1.0224374764757016
1.0123409758920743
1.0068701848271457
1.2747721546017035
1.2763622422482626
1.277796656978889
1.2739715510313419
1.2753503682911458
1.2764845566832816
1.2428369677342301
1.2541454931675646
1.2529779462937254
1.27003525014294
1.2648090879464697
1.2704244324339564
1.0730867718031454
1.1589292657495416
1.1425280120489205
1.1980365262693569
1.190942289075376
1.1873951704779906
1.1597743472965611
1.159841064260758
1.1659567859793256
1.2486079851384393
1.252655480966906
0.9846089577705801
0.9904578116323604
0.9755799286141017
1.4663387978283056
0.2821682806200907
0.2901075993610912
1.1831252847686047
0.41214404639018215
0.22405780479597875
0.3298041930645135
0.9533409405450748
0.316405202752749
0.40427144461337844
0.9804391475070944
0.5103069397270293
0.675420306646041
0.6771215892334547
0.6173654282911714
0.6523807150066525
1.3553328888815972
1.2999022111195222
0.8416456229680694
0.8250219793865292
0.6025987402137674
1.2157054022897171
1.2034406003700886
0.7155283216288086
0.7256470611999749
0.6894086301414123
0.6782335386364715
0.5520717593205527
0.551626979559504
0.5484245652772671
0.5437877362651938
0.5548738718176088
0.5506484640840908
0.2626202101072652
0.23396527398039008
0.23358721118353817
0.26229774478044565
1.2628631764905978
1.2664214145813577
1.2721590735030734
1.2780412858473473
1.2883712958060585
0.8410118118085949
0.5031571050630163
0.4429339253713552
0.6513910800370747
1.1937110430899387
0.911186938660535
0.6091926001758771
0.5890329574919059
0.587709737701344
0.6081028897603992
0.6561057455075093
0.6571954559229872
0.6348675119022247
0.6334219776774338
0.6422619754346962
1.259282699411509
1.2173399679129342
1.2404685155048485
1.204730461678157
0.3123910654059859
0.48863504585407047
0.4904364038873843
0.4912703659402395
0.4921488059689625
1.1732622935600612
1.1767093367107564
0.2909082029314529
0.2656447124852407
0.799925281350414
0.9406424783577719
0.7405471832065627
0.7650990260341488
0.7780643560790291
0.7767411362884673
0.781744908604018
0.8098994674998121
0.7084118454464988
0.7586274805062683
0.80733086437784
0.6876962280598341
0.8638734915429318
0.754279758338521
0.544432666918833
0.5803041546747082
0.6100376817228967
0.6396822528185595
0.7325189085130364
0.7328524933340204
0.7355878888668796
0.60024140747855
0.8914387172551191
0.8243103317686933
0.7762296395632218
0.8139247243399497
0.5110630653215232
1.283923498191621
0.6575957577081681
0.63893724671823
0.5787474255098526
0.6061458588103626
0.6330105563980885
0.666068812162743
0.6243707095334164
0.6500122627772708
0.6089924492832867
0.6196004465921595
0.5934140381413564
0.7228115902212154
0.7184861070417973
0.6983375838512005
0.7140827874040178
0.6978372066193294
0.6772661426552228
0.7174297551080226
0.7021515703045831
0.6696937672176997
0.6537595322664566
0.6246153384018748
0.48085140002979254
0.9249751112633159
0.900123042095659
0.7299169469093608
0.7708811629325224
0.7649544726115908
0.7486421748634956
0.5225272636707902
0.7435383271012546
0.7439052704047321
0.6940565786476501
0.646009244924672
0.6296747081874579
0.5981509426001199
0.5556633558938061
0.5110964238032266
0.5025232939027515
0.5230832383726935
0.7336864553868756
0.753423557298127
1.2522662986758895
1.250620613558508
1.2640418428586015
1.2692680050542817
1.2663213391354575
1.2356092966118557
1.071441086685764
1.063112585653747
1.1002183372476582
1.0913449810079023
1.057463882684557
1.051337041471825
1.0448432569556154
0.6575290407439713
0.6737301435527918
0.7057209278902975
0.7210769491513083
0.7521003375083553
0.7649655921057552
0.7425820506141703
0.7132043473752947
0.743571685583748
0.7582827761911197
0.759405845089091
0.7554584247065247
0.7582716566969552
0.7583494931553165
0.7602064486594527
0.7573820971748578
0.5324458523501561
0.9935045529978748
0.9899907928829828
0.7737722313813142
0.7728381938825589
0.7687906980540924
0.7624748254421443
0.7583494931553165
0.759405845089091
0.5131312912116244
0.5024676964327192
0.5260076653039788
0.4858774113328822
0.5038353941991488
0.5027679227712097
0.5207370251316408
0.5338469085982891
0.8429243647819733
0.8386433595792131
0.7837797760124158
0.7856033730340586
0.7998363253986782
0.802916425245896
0.8169047487412673
0.810844624492732
0.814691969428608
0.8137023344590303
0.8156593654098568
0.817849905734187
0.815926233266644
0.2759747224431618
0.27905482229037953
0.2866160782345281
0.29356576200595086
0.30352882866039455
0.31336958088139916
0.31975217045675397
0.5238838419430553
0.8343623543756626
0.8537769909600945
0.8701560056723865
0.869310924126157
0.8711011626653063
0.8711122821594708
0.8729358791811136
0.8292585066134216
0.8152257051421825
0.7954886032309311
0.7984908666197875
0.7973677977226062
0.7948881505531598
0.7960223389445056
1.2663991755938189
0.9013573059336949
0.7213660559964246
0.7599729392843689
0.7440387043331257
0.7366998382698965
0.7381342530005229
0.7728159548942299
0.770136156832193
0.766600157728972
0.5459115596253272
0.5380167188609847
0.5523942246473723
0.5508152564949779
0.5540955072347861
0.54920292986009
0.5528501239033756
0.5721869240294462
0.63423370074196
0.6620546748159799
0.6461204398647367
0.5631356558854289
0.5526388535166207
0.5398403158826275
0.5507040615541231
0.5543401361040343
0.5738882066168599
0.5946371824852279
0.7208656787653435
0.7238345836724965
0.6925888054353203
0.7093681219335831
0.6977482506675936
0.6640673032368388
0.6865953981501918
0.6840490340165485
0.6944679999269954
0.6823366319349703
0.6846939646709778
0.6081362482428926
0.6035216582183581
0.5777577905402748
0.5629799829687063
0.6166093026974675
0.6201453017998985
0.6223136031366898
0.6366577504413741
0.6776330859587002
0.7066104874123948
0.6814915503887408
0.6781001047080779
0.686884504995308
0.6551272300328862
0.6497453949204834
0.6674365099291727
0.6463094712631626
0.6026432181896352
0.5620793039516544
0.6052674187816397
0.5532059477118986
0.5540176707764247
0.5560858966673159
0.5573201605053519
0.5578872547006297
0.5666160575178275
0.5641920078184134
0.56520388177553
0.568050472248454
0.5725538673321336
0.5647702215078557
0.7808331100935917
0.7715149740919971
0.7775083813771256
0.7722377412047876
0.7708366849558645
0.7620300456810956
0.7852253102372068
0.7764631489375156
0.7565703741103316
0.7550914814030473
0.7537126641432432
0.7643873784163129
0.748820086767757
0.8563789525637702
0.8573352290508545
0.8612048129750595
0.8555783489934085
0.757815757441742
0.7486199358751666
0.7742837281073498
0.7711480307893097
0.7966005526339479
0.8056518207787552
0.7920860380561037
0.7897843027909187
0.7759071742356122
0.7521448154842232
0.7599618197902044
0.7705475781115384
0.7047757708973776
0.7782645069716195
0.7768968092051899
0.7922528304669908
0.7913855099324323
0.781244531372937
0.7365997628239963
0.7393573973443944
0.6872736872863243
0.6771994256910259
0.6925999249294847
0.6978483261134938
0.7053873430693135
0.6720622194470816
0.6666803843346788
0.6587521850878428
0.6572399338996452
0.6604534676752565
0.6455311066811299
0.6803684814915595
0.7254024323315166
0.7469853702519498
0.984253133961267
0.9783375631344998
0.7771970355436805
0.9692306975204502
0.9584670272948548
0.7727047599541653
0.7734608855486591
0.7892060891014764
0.7772748720020417
0.7770858406036159
0.7763964319733188
0.7750954511718761
0.7756959038496473
0.7697136160586833
0.8192064840064522
0.8215860557299984
0.8307485188140804
0.8442475845725351
0.8551002107498663
0.8691663707035988
0.8769611360220412
0.9910693838042962
0.9744012622468881
0.9873221143143203
0.6215463580488215
0.6287406706887025
0.6832929084220546
0.7325745059830687
0.5702076540910808
0.5772796522967326
0.6014534323282571
0.6127619577615915
0.6093927510684675
0.637413876035868
0.6638449133559193
0.5892553473720352
0.5833286570518935
0.535081172436325
0.5532059477118986
0.5434430319500453
0.9790825692348292
1.0085937064028885
1.0047130029845188
1.006514361018623
1.0157435410669016
1.0190682697833677
1.009249756550692
1.0067701093812456
0.7975234706393288
0.7591834552081717
0.764698724248968
0.771748483467081
0.7861927062176655
0.7408807680275467
0.7471076846861789
0.7519224256033038
0.766622396717301
0.39388583718542497
0.4009911938735703
0.3874810086217412
0.37751794196650745
0.3567578466039749
0.431202859165301
0.4365958137718682
0.38752548659760905
0.42227390545551285
0.802015746228844
0.8099995429457123
0.7848694864278937
0.7805996007185079
0.6348007949380279
0.6234700305163645
0.626639086316108
0.6189110379626526
0.9131550891039459
0.8874801773783884
0.894785684959124
0.852742878014649
0.8450926661187647
0.8512417463198257
0.8665088116291009
0.9231181557591797
0.8844556750012029
0.9106532029461705
0.8983328035565096
0.8267677399498107
0.8453817729638808
0.8209522445697337
0.4666406866535019
0.47067706298780393
0.5012890300647155
0.4920376110281077
0.41294464996054386
0.43426072002497984
0.43975375007823725
0.43397161317986366
0.4108653045762783
0.41273337957378897
0.519413805341079
0.48953572487033237
0.4827861919915
0.40945312883398083
0.7566370910745285
0.7499431556657284
0.7438496729346997
0.7526785511977976
0.5784916771464397
0.5702521320669486
0.5675500950165828
0.6230697287311837
0.6229696532852835
0.6175211012078939
0.5914458876971554
0.7010396209015662
0.696925408108903
0.7290829848565056
0.7061434686630172
0.48505456877419156
0.4639052911206426
0.43807470647836244
0.8975989169503447
0.8687104714483856
0.8652967867793938
0.8594479329176135
0.8516976455750389
0.8473944013839496
0.8500519604584477
0.8405114345767237
0.8866795738080266
0.8885698877938663
0.8996893818287747
0.9140335291326689
0.9163352643978538
0.912988296693849
0.9195710371625843
0.9354274356554662
0.9156124972858535
0.9574551533377381
0.8972986906110639
0.8828544678604795
0.8774948717356157
1.301959317516249
1.2432039110377078
1.238344692144715
1.2528111538836284
1.2550239331962876
1.2889828679779942
1.3462927402317444
1.3269003426356416
1.294631570947184
1.3684205333607067
0.8092767758337119
0.7912075980273807
0.7870933852347174
1.2994351923701446
1.3126785097651863
1.292374313657867
1.263485868156698
1.2566918573012078
1.2720812370455021
1.273026394038422
1.2691456906200524
1.252355254627625
1.2576370142941278
1.2567029767953724
1.2757173115946234
1.2609506235164292
1.2733933373411095
1.2755616386779007
1.280431977065058
1.2849242526553633
1.2999800475778835
1.301036399510868
1.2944425395487582
1.2905507166362242
1.289049584942191
0.36376312784542997
0.921939489391966
0.9000340861439232
0.9006011803392011
0.8825876000036923
0.8897930321377377
0.8644183467506708
1.2710026461241888
1.2578816431633761
1.2523441351342508
0.34371468010152345
0.28594890859176997
0.2755188231879486
0.2876057132033158
0.3366982793659039
0.28081170234782554
0.3513760114915722
0.3433810952805394
0.3552455954149872
0.3472729181922833
0.35854808514391434
0.3506532443787817
0.42132874846259305
0.35488977160646423
0.4994431940555338
0.4964520501600517
0.48514352472671735
0.3141590649575964
0.23446565121226118
0.26411022230792397
0.5613342978513249
0.6280735010467344
0.3148929515637613
0.3118573296924114
0.3047186145225627
0.3053079477061695
0.1657582975726508
1.2660433517845058
1.2532559336446771
1.292518867080425
1.3160254774699813
1.2863809063735285
1.2785416630792183
1.2713807089210407
1.2051085244750088
1.1953011307364978
1.2423032320206557
1.2148603207434876
1.360570170572232
1.3375416984262178
1.2993907143942767
0.9850870960141223
1.0946697097243685
0.9915030440719704
0.9481036588552302
0.8084539332750212
0.41943843447675344
0.5302441925308713
0.5245176531033201
0.5104514931495875
0.4983201251575624
0.49175962367715603
0.48601084526127586
0.47631464646361943
0.9436447417474184
0.3440149064408041
0.33938919692210523
0.3221873396503325
0.3306047966348752
0.3082546136249936
0.33825500853075946
0.5908343155252197
1.001888651499924
0.9083403481876111
0.9278550602179432
0.9116873158916161
0.8223199423361633
0.8194177543932071
0.8148365228511661
0.8696333894529765
0.3413907058480095
0.33100509842005604
0.3469393333712993
0.35660217368725233
0.3213978555741353
0.512764347908937
0.5154663849593027
0.5147547373406768
0.5138095803477569
0.34542708218310164
0.3533552814291475
0.7731606592093785
0.3542226019644961
0.39178425281283047
0.3304713627064816
0.392484780937292
0.3314943561577627
0.35166511833589836
0.3379659016856433
0.34215795093666784
0.3779071242575238
0.39668794968169097
0.3288145580949357
0.347928968340877
0.3577919595494205
0.35276594824554075
0.36230647412726463
0.3763281561051294
0.38148760133661264
0.3798419162200214
0.3935856108461443
0.40300382229363907
0.4080409530916833
1.234030328458671
0.5142877185912991
0.6111718701142425
0.6061236198228238
0.5906897621026617
0.5758674765544352
0.8218306845984568
0.8285246200072567
0.49423927084739255
0.5453667044175883
0.8833214866098572
0.8988998977517874
1.0801587700087971
1.0436979490701053
1.0472005896908327
1.0510701736150379
1.0580976938448219
1.0614446615488269
1.0731979667432099
1.1046772543554702
0.4721003582242659
0.4753138920006673
0.477159728009849
0.4784273503295884
0.47903892250152413
0.4573781481227297
0.4675747241522572
0.4538866269953766
0.4871339141592472
0.47873869616303355
0.45881256285335614
0.5154552654651383
0.9355163916079919
1.2904839996720274
1.28812666693681
1.2842126050367373
0.3970326539968395
0.8856009828867132
1.0311440403045704
1.0481346271895882
1.0654810378831288
1.0805701912881425
1.093824628177349
1.2394010440776995
1.206465102747274
1.1207782817176004
1.1318755367633897
1.1289511098328946
0.7829569334537251
0.8458487917132586
0.9097970019057765
0.9652276796678515
1.0426638361246596
0.7468296973360172
1.0503585259964119
1.105766964770948
1.1983589915961765
1.0767895633164632
1.0832833478326729
0.936917447856125
0.8677875534437948
0.8069083236043302
0.7544687897377371
0.7610292912181434
0.7827901410436281
1.0718080299892414
1.1091695299449853
1.2137928493163388
1.2321066559911282
1.1812794487594231
1.165423050265751
1.157872913816557
0.4408656994812541
0.47410186715017016
0.46890906343619343
0.458334424609814
0.9244858535256093
0.8297032863752604
0.8219641185268504
0.8229982314722959
0.828769248876505
0.8293252235776184
0.8307485188140804
0.8341399644947433
0.8361303539272732
0.8360302784805829
0.8347070586908112
0.8211968734389821
0.9218282944511113
0.9208831374581915
0.9190484209423841
0.8943186662097464
0.905204650869571
0.9143782334478174
0.9261982556071874
0.7236233132857417
0.6693045849266833
0.19518047878818423
0.6858392725564879
