120 
     0     1    81
     0     7     7
     1    13    40
     2     7     7
     2    19    69
     3    30    26
     4    11     7
     5    34    24
     6    16    53
     7    26    32
     8    23    42
     9    13    74
     9    32    94
    10    30    61
    11    14    57
    11    21    81
    11    27    11
    12    13    38
    12    21    42
    15    22    98
    15    25    85
    16    21    60
    16    28    22
    16    35    55
    16    39    48
    17    24    38
    17    30    81
    17    37    16
    18    25    23
    19    20    10
    19    35    70
    19    38    82
    21    31    31
    23    28     8
    24    25    77
    24    28    40
    27    36    87
    28    34    27
    29    37    75
    33    35    93
    40    41    22
    40    44     8
    41    72    85
    42    44    91
    42    73    20
    43    47    68
    43    50    92
    43    61    62
    45    56    75
    45    68    35
    46    69    95
    48    54    43
    48    72    66
    49    66    94
    49    67    87
    49    77    52
    51    75    88
    52    64    52
    53    73    31
    53    74    36
    54    60    82
    54    76    98
    55    71    17
    57    64    31
    58    70    80
    59    64    27
    60    71    49
    61    67    86
    62    63    95
    62    64    42
    62    76    66
    62    79    57
    64    65    87
    65    69    79
    66    69    61
    66    78     9
    68    75    83
    69    73    74
    69    75    48
    70    72    13
    80   107    64
    81   106    31
    82    99    89
    83   101    28
    84   109    24
    84   116    98
    85    98     8
    85   115    38
    86    92    93
    86    97    55
    86   102    71
    87    89    61
    87   113    94
    87   119    40
    88   117    99
    88   119    21
    90    96    24
    90   115    29
    91   100    25
    92   100     7
    92   101    41
    92   110    76
    92   111    81
    92   114    21
    93   113    11
    94   114    24
    95   117    39
    96   107    26
    96   119    23
    99   100    83
   101   106    80
   101   112    98
   103   112    11
   104   106    28
   105   106    74
   106   109    94
   106   117     6
   107   118    20
   108   115    53
