200
0	123
0	166
0	172
0	160
0	177
0	141
0	137
0	150
0	113
0	149
0	102
0	144
0	154
0	142
0	106
0	131
0	103
0	109
0	173
0	190
0	182
0	179
1	175
1	106
1	149
1	166
1	174
1	125
1	159
1	196
1	158
1	113
1	115
1	131
1	100
1	102
1	179
1	148
1	193
2	134
2	192
2	130
2	176
2	145
2	117
2	103
2	111
2	175
2	122
2	191
2	119
2	141
2	129
2	133
2	190
2	183
3	198
3	162
3	169
3	182
4	179
4	180
4	113
4	193
4	162
4	152
4	168
4	102
4	192
4	167
4	155
5	126
5	197
5	169
5	157
5	145
5	108
5	188
5	109
5	172
5	174
5	116
5	147
5	122
5	139
5	185
5	160
7	164
7	194
7	172
7	195
7	139
7	177
7	148
7	117
7	122
7	170
7	199
7	118
7	126
7	129
7	151
7	160
7	159
7	176
8	191
8	115
8	137
8	154
8	138
8	126
8	173
8	101
8	171
8	114
9	131
9	183
9	155
9	143
9	182
9	128
9	115
9	193
9	177
9	149
9	166
9	138
9	173
9	170
9	195
9	190
9	169
9	181
9	148
9	188
10	146
10	171
10	192
10	106
10	162
10	156
10	154
10	132
10	111
10	126
10	182
10	187
10	119
10	191
10	139
10	183
10	134
10	141
10	112
10	170
10	104
11	121
11	185
11	122
11	174
11	183
11	133
11	108
11	109
11	180
11	125
11	168
11	156
12	101
12	126
12	102
12	164
12	183
12	128
12	144
12	139
12	175
12	153
12	138
12	110
12	177
12	136
12	147
12	109
13	147
13	193
13	148
13	110
13	137
13	103
13	161
13	133
13	155
13	177
13	108
13	115
13	173
13	170
13	141
13	104
13	152
13	158
14	140
14	111
14	170
16	108
16	137
16	155
16	130
16	121
16	180
17	116
17	142
17	161
17	196
17	113
17	124
17	185
17	183
17	159
17	137
17	128
17	160
17	148
17	120
18	178
18	180
18	123
18	145
18	171
18	187
18	186
19	158
19	180
19	170
19	127
19	117
19	188
19	184
19	142
19	191
19	146
19	111
21	108
21	187
21	101
21	199
21	161
21	142
21	111
22	163
22	143
22	103
22	170
23	101
23	174
24	158
24	138
24	129
24	173
24	136
24	143
24	194
24	159
24	126
24	144
24	105
24	183
24	164
24	181
24	140
25	135
25	111
25	172
25	177
25	166
25	122
25	161
25	123
25	199
28	191
28	170
28	126
28	113
28	157
28	108
28	115
28	133
28	164
28	134
28	110
28	165
28	144
28	122
29	119
29	151
29	137
29	195
29	185
29	136
29	179
29	156
29	132
29	126
29	152
29	192
29	116
29	148
29	176
29	175
29	100
29	167
29	114
29	150
29	103
29	153
29	198
30	116
30	112
30	146
30	123
30	185
30	199
30	145
30	160
30	128
30	166
31	111
31	169
31	137
32	175
32	123
32	192
32	158
32	102
32	140
32	156
32	150
32	103
32	122
32	163
34	105
34	170
34	196
35	128
37	188
37	176
37	126
37	128
37	112
37	177
38	144
38	191
38	155
38	196
38	165
38	110
38	140
38	172
38	187
38	136
38	145
39	167
39	175
39	154
39	103
39	143
39	166
39	186
39	163
39	121
39	164
39	183
39	113
40	182
40	185
40	137
40	115
40	119
40	180
40	191
40	199
40	188
41	127
41	177
41	173
41	157
41	189
41	153
41	159
41	196
41	138
41	199
41	146
41	165
43	178
43	179
44	113
44	162
44	134
44	158
44	148
44	133
44	163
44	160
44	161
44	168
44	115
44	189
44	159
44	182
44	107
44	121
44	177
44	122
44	187
46	145
46	129
46	135
46	176
46	137
46	147
46	106
46	131
46	154
46	140
47	107
47	120
47	169
47	104
47	193
47	195
47	117
47	165
47	132
47	102
47	134
47	199
47	186
47	115
47	161
47	198
47	148
47	128
47	122
47	168
47	114
47	116
47	164
47	180
49	191
49	142
49	129
49	116
49	120
49	110
49	130
49	196
49	152
49	106
49	181
49	176
49	138
51	182
51	179
51	173
51	132
51	127
51	194
51	154
51	102
51	129
52	166
52	156
52	161
52	187
52	153
52	155
52	158
52	159
52	157
53	109
53	168
54	167
54	118
55	184
55	115
55	164
55	122
55	104
55	153
55	156
55	103
56	157
56	166
56	139
56	143
56	152
56	187
56	128
56	114
56	199
56	126
56	175
56	177
56	190
56	155
56	183
56	124
56	116
56	188
56	142
56	111
56	105
56	101
56	165
56	135
57	196
57	156
57	176
57	182
57	113
57	180
57	183
57	173
58	140
58	157
58	176
60	115
60	132
60	130
60	149
60	124
60	153
60	117
60	195
60	177
60	189
60	148
60	101
60	161
60	174
60	119
60	181
60	198
60	188
60	156
60	108
60	105
60	182
60	197
60	146
60	112
60	158
60	137
61	123
61	167
61	188
61	144
61	180
61	115
61	161
61	162
61	156
61	104
61	106
61	160
61	129
61	169
61	125
61	146
61	141
61	189
61	135
61	155
61	108
63	175
63	136
63	149
63	120
63	110
63	119
63	139
63	164
63	179
63	142
63	147
64	121
64	129
64	154
65	119
65	167
65	177
65	142
65	130
65	123
65	129
65	107
66	149
66	105
66	175
66	140
66	167
66	138
66	127
66	183
66	186
66	103
66	168
66	184
66	119
68	115
68	176
68	126
68	144
68	102
68	129
69	169
69	102
69	109
69	184
69	111
69	153
69	198
69	104
69	127
70	196
70	163
70	100
70	151
70	198
70	111
70	179
71	126
71	164
71	196
71	109
71	175
71	114
71	123
71	136
71	130
71	146
71	113
71	189
71	145
73	197
73	110
73	173
73	150
73	109
74	120
74	109
74	170
74	131
74	124
74	168
74	195
74	193
74	110
74	149
74	129
74	135
74	121
74	163
74	114
74	165
74	102
74	107
75	179
75	193
75	128
75	147
75	175
75	182
75	166
75	155
75	112
75	122
75	139
75	164
75	178
75	142
75	184
75	118
75	108
77	180
77	170
77	132
77	124
77	146
77	138
77	103
77	178
77	129
77	173
77	168
77	172
78	161
78	128
78	111
78	152
78	158
78	141
78	183
78	156
78	145
78	154
78	168
78	185
78	149
78	124
78	114
78	182
78	160
78	115
78	180
78	194
78	135
78	195
78	193
79	102
79	140
79	106
79	174
79	170
79	197
79	137
79	153
81	168
81	135
81	119
81	138
81	155
81	110
81	186
81	136
81	118
81	125
82	106
82	158
82	165
82	140
82	129
82	181
82	157
82	179
82	137
82	160
83	126
83	127
83	149
83	124
83	199
83	136
83	142
83	134
83	158
83	104
83	170
83	178
83	121
83	161
83	166
83	147
83	165
83	153
83	192
83	132
83	195
85	142
85	148
85	131
85	157
85	178
85	117
85	120
85	171
85	102
86	154
86	162
86	127
86	100
86	143
86	122
86	133
87	169
87	195
87	174
88	128
88	150
89	184
90	129
90	151
90	131
90	134
90	123
90	116
90	150
91	195
91	172
92	160
92	122
92	175
92	125
92	177
92	171
92	100
92	139
92	179
92	105
92	142
93	180
93	134
93	144
93	151
93	154
93	177
93	138
93	199
93	148
93	163
93	116
93	112
93	137
94	101
94	168
94	189
94	154
94	138
94	194
94	170
94	121
94	113
94	171
94	104
94	158
94	186
94	145
94	167
94	191
95	195
95	176
95	157
95	116
95	134
95	166
95	170
95	128
95	108
95	194
95	131
95	119
95	137
95	130
95	112
95	120
96	127
96	186
96	149
96	131
96	183
96	159
96	145
96	125
97	142
97	132
97	136
98	183
98	195
98	175
98	152
98	186
98	193
98	151
98	116
98	163
98	144
99	170
99	124
99	179
99	185
99	147
99	180
99	177
99	184
99	163
99	129
99	105
99	106
99	115
99	104
99	103
99	178
99	189
99	143
99	110
99	118
99	148
99	198
99	138
99	141
